c 0 [[ 5.   3.4  1.5  0.2]
 [ 5.   3.3  1.4  0.2]
 [ 5.1  3.4  1.5  0.2]
 [ 5.1  3.5  1.4  0.2]]
c 1 [[ 5.7  2.8  4.1  1.3]
 [ 5.7  2.9  4.2  1.3]
 [ 5.8  2.6  4.   1.2]
 [ 6.1  2.8  4.   1.3]]
c 2 [[ 6.4  2.8  5.6  2.1]
 [ 6.5  3.   5.5  1.8]
 [ 6.4  2.8  5.6  2.2]
 [ 6.4  3.1  5.5  1.8]]
[   0.0000,    0.0000,    0.0000,    1.0000]
[ -43.2414,   31.2644,   -3.7184,   15.5632]
[ -45.4462,   19.4923,   32.3692,   -5.9231]
0.0
[  -0.5000,    2.5000,    0.5000,   -1.5000]
[ -36.9655,   26.0575,   -2.3736,   13.2529]
[ -40.0077,   19.2154,   28.4115,   -7.1538]
0.0
[   2.0000,    2.0000,   -3.0000,    0.0000]
[ -39.0690,   28.2184,   -3.4195,   14.1609]
[ -41.6769,   17.9538,   29.7154,   -5.5385]
0.0
[   3.5000,    1.5000,   -2.5000,   -1.5000]
[ -37.3448,   27.0920,   -2.5977,   12.8046]
[ -36.7846,   15.9692,   25.9769,   -4.6923]
0.0
[   1.5000,   -0.5000,   -1.5000,    1.5000]
[ -44.2069,   32.3218,   -4.0920,   15.8161]
[ -45.4462,   18.4923,   32.3692,   -4.9231]
0.0
[  27.0000,   21.0000,  -38.0000,   -8.0000]
[ -42.1034,   31.1609,   -5.0460,   15.9080]
[ -47.8769,   18.5538,   34.4154,   -4.5385]
0.0
[  17.7500,   12.7500,  -24.7500,   -4.2500]
[ -38.0690,   28.2184,   -4.4195,   14.1609]
[ -41.7846,   15.9692,   29.9769,   -3.6923]
0.0
[   1.0000,   -0.0000,    0.0000,    0.0000]
[ -41.6897,   30.1839,   -3.1954,   14.6092]
[ -42.2231,   18.2462,   29.9346,   -5.4615]
0.0
[   4.0000,    3.0000,   -4.0000,   -2.0000]
[ -34.7586,   25.0690,   -2.4483,   12.1034]
[ -35.3462,   15.6923,   25.0192,   -4.9231]
0.0
[ -12.7500,  -10.7500,   20.7500,    3.2500]
[ -40.9310,   29.1149,   -1.7471,   13.5057]
[ -38.1154,   18.2308,   26.6731,   -6.3077]
0.0
[  -1.5000,   -1.5000,    2.5000,    1.5000]
[ -46.0345,   33.2759,   -3.7931,   16.4138]
[ -47.6615,   20.5231,   33.8923,   -6.2308]
0.0
[   3.5000,   -0.5000,   -1.5000,   -0.5000]
[ -41.1034,   30.1609,   -3.0460,   13.9080]
[ -39.0000,   16.0000,   27.5000,   -4.0000]
0.0
[ -12.7500,   -9.7500,   19.7500,    3.2500]
[ -39.7241,   28.1264,   -1.8218,   13.3563]
[ -38.2308,   18.4615,   26.8462,   -6.6154]
0.0
[  -9.2500,   -8.2500,   13.2500,    4.7500]
[ -39.2069,   28.3218,   -3.0920,   13.8161]
[ -39.3538,   16.9077,   27.9308,   -5.0769]
0.0
[  -5.5000,   -1.5000,    3.5000,    4.5000]
[ -50.8966,   36.5057,   -5.2874,   19.4253]
[ -58.1077,   25.0154,   41.7615,   -8.1538]
0.0
[  25.5000,   19.5000,  -38.5000,   -4.5000]
[ -48.9310,   36.4483,   -6.9138,   19.1724]
[ -57.4308,   21.0615,   41.5462,   -4.6154]
0.0
[  25.0000,   23.0000,  -40.0000,   -6.0000]
[ -42.7931,   31.3448,   -6.2414,   17.5172]
[ -54.5538,   21.5077,   39.6308,   -6.0769]
0.0
[  13.2500,   12.2500,  -20.2500,   -3.7500]
[ -40.2759,   29.2069,   -4.3448,   15.3103]
[ -46.4462,   19.4923,   33.3692,   -5.9231]
0.0
[  10.2500,    9.2500,  -14.2500,   -3.7500]
[ -44.5172,   32.1379,   -3.8966,   16.2069]
[ -48.4308,   21.0615,   34.5462,   -6.6154]
0.0
[  15.2500,   10.2500,  -21.2500,   -2.7500]
[ -43.6207,   32.2989,   -4.9425,   16.1149]
[ -47.1077,   18.0154,   33.7615,   -4.1538]
0.0
[  -2.0000,   -1.0000,    5.0000,   -1.0000]
[ -42.1724,   30.0460,   -2.2989,   14.4023]
[ -41.9923,   19.7846,   29.5885,   -6.8462]
0.0
[  28.0000,   23.0000,  -41.0000,   -8.0000]
[ -39.4828,   29.1954,   -5.2701,   15.4598]
[ -47.3308,   18.2615,   34.1962,   -4.6154]
0.0
[   3.5000,    1.5000,   -7.5000,    3.5000]
[ -44.0690,   32.5517,   -5.5862,   16.8276]
[ -49.0154,   18.4308,   35.3231,   -4.3077]
0.0
[  40.2500,   36.2500,  -58.2500,  -15.7500]
[ -31.4828,   22.8621,   -4.1034,   12.7931]
[ -41.8846,   17.7692,   30.3269,   -5.6923]
0.0
[   5.0000,   -2.0000,    0.0000,   -2.0000]
[ -40.5862,   30.0230,   -2.1494,   12.7011]
[ -33.9923,   13.7846,   23.5885,   -2.8462]
0.0
[  -0.5000,    1.5000,    2.5000,   -2.5000]
[ -36.8276,   25.9540,   -1.7011,   12.5977]
[ -37.4462,   18.4923,   26.3692,   -6.9231]
0.0
[  28.0000,   24.0000,  -40.0000,  -10.0000]
[ -35.5862,   26.0230,   -4.1494,   13.7011]
[ -42.5538,   17.5077,   30.6308,   -5.0769]
0.0
[  -0.5000,   -0.5000,    1.5000,    0.5000]
[ -43.2759,   31.2069,   -3.3448,   15.3103]
[ -44.5538,   19.5077,   31.6308,   -6.0769]
0.0
[  -1.5000,    0.5000,    1.5000,    0.5000]
[ -42.2759,   30.2069,   -3.3448,   15.3103]
[ -45.4462,   20.4923,   32.3692,   -6.9231]
0.0
[   3.5000,    0.5000,   -1.5000,   -1.5000]
[ -38.5517,   28.0805,   -2.5230,   12.9540]
[ -36.6692,   15.7385,   25.8038,   -4.3846]
0.0
[   2.0000,    1.0000,   -0.0000,   -2.0000]
[ -37.5862,   27.0230,   -2.1494,   12.7011]
[ -36.6692,   16.7385,   25.8038,   -5.3846]
0.0
[  23.5000,   24.5000,  -36.5000,   -9.5000]
[ -36.5862,   26.0230,   -4.1494,   14.7011]
[ -47.3308,   21.2615,   34.1962,   -7.6154]
0.0
[ -10.7500,  -15.7500,   18.7500,    8.2500]
[ -53.2759,   39.5402,   -4.5115,   17.9770]
[ -48.2154,   18.0308,   34.0231,   -3.3077]
0.0
[  -0.5000,   -3.5000,    0.5000,    4.5000]
[ -52.2759,   38.5402,   -5.5115,   18.9770]
[ -53.9923,   20.7846,   38.5885,   -4.8462]
0.0
[ -12.7500,  -10.7500,   20.7500,    3.2500]
[ -40.9310,   29.1149,   -1.7471,   13.5057]
[ -38.1154,   18.2308,   26.6731,   -6.3077]
0.0
[  -1.5000,    2.5000,   -0.5000,    0.5000]
[ -39.8621,   28.2299,   -3.4943,   15.0115]
[ -45.6769,   20.9538,   32.7154,   -7.5385]
0.0
[  -4.5000,    0.5000,    3.5000,    1.5000]
[ -44.2414,   31.2644,   -3.7184,   16.5632]
[ -50.2231,   23.2462,   35.9346,   -8.4615]
0.0
[ -12.7500,  -10.7500,   20.7500,    3.2500]
[ -40.9310,   29.1149,   -1.7471,   13.5057]
[ -38.1154,   18.2308,   26.6731,   -6.3077]
0.0
[   4.0000,    3.0000,   -5.0000,   -1.0000]
[ -36.1034,   26.1609,   -3.0460,   12.9080]
[ -37.7923,   16.1846,   26.8885,   -4.8462]
0.0
[   0.0000,    0.0000,    1.0000,    0.0000]
[ -41.8966,   30.1724,   -3.1207,   14.7586]
[ -43.0000,   19.0000,   30.5000,   -6.0000]
0.0
[  13.7500,   12.7500,  -21.7500,   -3.2500]
[ -40.2414,   29.2644,   -4.7184,   15.5632]
[ -47.3385,   19.4769,   34.1077,   -5.7692]
0.0
[  12.7500,   18.7500,  -20.7500,   -9.2500]
[ -25.1379,   16.7701,   -1.5057,    9.9885]
[ -34.1308,   18.6615,   24.4962,   -8.6154]
0.0
[   5.0000,    2.0000,   -6.0000,    0.0000]
[ -38.4483,   28.2529,   -3.6437,   13.7126]
[ -39.3462,   15.6923,   28.0192,   -3.9231]
0.0
[  55.0000,   48.0000,  -81.0000,  -19.0000]
[ -30.8276,   22.9540,   -5.7011,   13.5977]
[ -45.3308,   17.2615,   33.1962,   -4.6154]
0.0
[  30.5000,   20.5000,  -39.5000,   -9.5000]
[ -39.9655,   30.0575,   -4.3736,   14.2529]
[ -41.4308,   15.0615,   29.5462,   -2.6154]
0.0
[  13.7500,   14.7500,  -20.7500,   -6.2500]
[ -33.7931,   24.0115,   -3.0747,   12.8506]
[ -40.2308,   18.4615,   28.8462,   -6.6154]
0.0
[   2.5000,   -2.5000,   -0.5000,    1.5000]
[ -46.4138,   34.3103,   -4.0172,   15.9655]
[ -44.4385,   17.2769,   31.4577,   -3.7692]
0.0
[   3.5000,    1.5000,   -3.5000,   -0.5000]
[ -38.6897,   28.1839,   -3.1954,   13.6092]
[ -39.2308,   16.4615,   27.8462,   -4.6154]
0.0
[  -0.5000,   -1.5000,    1.5000,    1.5000]
[ -45.8276,   33.2874,   -3.8678,   16.2644]
[ -46.8846,   19.7692,   33.3269,   -5.6923]
0.0
[   0.0000,    1.0000,    0.0000,    0.0000]
[ -40.6897,   29.1839,   -3.1954,   14.6092]
[ -43.1154,   19.2308,   30.6731,   -6.3077]
0.0
[ 155.0000,  132.0000, -206.0000,  -74.0000]
[  -2.3793,    1.7011,    0.9425,    0.8851]
[ -14.7923,   10.1846,   10.3885,   -4.8462]
1.0
[ 173.2500,  145.2500, -233.2500,  -77.7500]
[   1.4828,   -0.1954,   -0.7299,    0.5402]
[ -14.4692,    7.1385,   10.6038,   -2.3846]
1.0
[ 169.7500,  143.7500, -225.7500,  -80.2500]
[   2.3103,   -1.4828,    1.1379,   -0.7241]
[ -10.9000,    8.2000,    7.6500,   -4.0000]
1.0
[ 148.7500,  127.7500, -199.7500,  -70.2500]
[   7.1034,   -5.1609,    1.0460,   -1.9080]
[  -6.8308,    6.2615,    4.9462,   -3.6154]
1.0
[ 170.7500,  146.7500, -229.7500,  -80.2500]
[   6.1379,   -4.4368,    0.8391,   -1.3218]
[ -10.4692,    8.1385,    7.6038,   -4.3846]
1.0
[ 151.7500,  122.7500, -197.7500,  -70.2500]
[   1.6897,   -0.1839,    1.1954,   -1.6092]
[  -3.9231,    2.8462,    2.3846,   -0.4615]
1.0
[ 189.0000,  156.0000, -254.0000,  -83.0000]
[   3.8276,   -1.2874,   -1.1322,   -0.2644]
[ -12.1308,    4.6615,    8.9962,   -0.6154]
1.0
[ 112.0000,   94.0000, -149.0000,  -52.0000]
[  -2.9310,    2.4483,    0.0862,    1.1724]
[ -11.6308,    6.6615,    8.2462,   -2.6154]
1.0
[ 143.7500,  121.7500, -188.7500,  -70.2500]
[  -1.1724,    0.7126,    1.8678,   -0.2644]
[ -10.0231,    8.6462,    6.7346,   -4.4615]
1.0
[ 166.5000,  138.5000, -225.5000,  -72.5000]
[   5.8276,   -2.9540,   -1.2989,   -0.5977]
[ -10.2769,    3.7538,    7.8154,   -0.5385]
1.0
[ 110.0000,   95.0000, -145.0000,  -55.0000]
[   1.8966,   -1.8391,    1.9540,   -1.0920]
[  -5.9615,    6.9231,    3.9423,   -4.2308]
1.0
[ 175.7500,  147.7500, -238.7500,  -77.2500]
[   4.3448,   -2.0920,   -1.4023,    0.1954]
[ -14.0385,    6.0769,   10.5577,   -1.7692]
1.0
[ 103.5000,   91.5000, -133.5000,  -56.5000]
[  -1.6552,   -0.0920,    3.5977,   -0.8046]
[  -6.9385,   10.2769,    4.2077,   -6.7692]
1.0
[ 162.5000,  133.5000, -213.5000,  -75.5000]
[   3.0000,   -1.3333,    1.1667,   -1.6667]
[  -5.4692,    4.1385,    3.6038,   -1.3846]
1.0
[ 148.7500,  126.7500, -203.7500,  -65.2500]
[  -0.8276,    1.2874,   -1.8678,    2.2644]
[ -18.9462,    8.4923,   14.1192,   -2.9231]
1.0
[ 156.0000,  134.0000, -210.0000,  -73.0000]
[  -1.1034,    0.8276,    0.1207,    1.2414]
[ -16.6923,   10.3846,   12.0385,   -4.8462]
1.0
[ 180.2500,  146.2500, -240.2500,  -78.7500]
[   5.4828,   -2.1954,   -0.7299,   -1.4598]
[  -6.7000,    1.6000,    4.9500,    1.0000]
1.0
[ 108.5000,   88.5000, -137.5000,  -54.5000]
[  -6.9310,    5.1149,    2.2529,    0.5057]
[  -7.6000,    6.8000,    4.6000,   -3.0000]
1.0
[ 170.2500,  150.2500, -230.2500,  -82.7500]
[  13.6207,  -10.6322,    2.1092,   -3.7816]
[  -5.1462,    8.0923,    3.8192,   -5.9231]
1.0
[ 121.7500,  102.7500, -159.7500,  -59.2500]
[  -1.5517,    1.0805,    1.4770,   -0.0460]
[  -8.8308,    7.2615,    5.9462,   -3.6154]
1.0
[ 219.5000,  180.5000, -297.5000,  -93.5000]
[  11.9310,   -6.4483,   -2.0862,   -2.1724]
[  -8.5769,    1.1538,    6.8654,    1.4615]
1.0
[ 145.2500,  125.2500, -196.2500,  -67.7500]
[   0.0000,    0.0000,    0.0000,    1.0000]
[ -15.3769,    9.5538,   11.1654,   -4.5385]
1.0
[ 172.7500,  146.7500, -228.7500,  -83.2500]
[  10.5862,   -7.6897,    2.4828,   -4.0345]
[  -1.5769,    5.1538,    0.8654,   -3.5385]
1.0
[ 135.5000,  109.5000, -172.5000,  -66.5000]
[  -1.7586,    1.7356,    2.7184,   -1.5632]
[  -2.6923,    4.3846,    1.0385,   -1.8462]
1.0
[ 144.2500,  123.2500, -192.2500,  -68.7500]
[  -1.2759,    0.8736,    0.8218,    0.6437]
[ -13.4769,    9.3538,    9.5154,   -4.5385]
1.0
[ 156.5000,  134.5000, -210.5000,  -73.5000]
[   0.2759,   -0.2069,    0.3448,    0.6897]
[ -15.1385,    9.8769,   10.9077,   -4.7692]
1.0
[ 155.5000,  133.5000, -205.5000,  -76.5000]
[   2.8966,   -2.5057,    2.2874,   -1.4253]
[  -8.4615,    8.9231,    5.6923,   -5.2308]
1.0
[ 198.2500,  168.2500, -267.2500,  -90.7500]
[  10.0000,   -6.6667,    0.3333,   -2.3333]
[  -8.9000,    6.2000,    6.6500,   -3.0000]
1.0
[ 175.7500,  146.7500, -235.7500,  -79.2500]
[   5.8276,   -3.2874,   -0.1322,   -1.2644]
[  -9.0308,    4.8615,    6.6462,   -1.6154]
1.0
[ 106.0000,   92.0000, -141.0000,  -52.0000]
[  -6.5862,    4.3563,    0.6839,    2.3678]
[ -16.0615,   10.7231,   11.2923,   -5.2308]
1.0
[ 121.7500,  103.7500, -160.7500,  -59.2500]
[  -0.3448,    0.0920,    1.4023,   -0.1954]
[  -8.9462,    7.4923,    6.1192,   -3.9231]
1.0
[ 108.0000,   92.0000, -141.0000,  -54.0000]
[  -3.4828,    2.1954,    1.7299,    0.4598]
[  -9.6154,    8.2308,    6.4231,   -4.3077]
1.0
[ 134.0000,  114.0000, -179.0000,  -63.0000]
[  -1.3448,    1.0920,    0.4023,    0.8046]
[ -12.9385,    8.2769,    9.2077,   -3.7692]
1.0
[ 191.0000,  157.0000, -252.0000,  -88.0000]
[  12.1724,   -7.7126,    1.6322,   -4.7356]
[   1.5385,    0.9231,   -1.3077,   -0.2308]
1.0
[ 182.2500,  146.2500, -242.2500,  -78.7500]
[   5.8966,   -2.1724,   -0.8793,   -1.7586]
[  -5.1462,    0.0923,    3.8192,    2.0769]
1.0
[ 191.5000,  156.5000, -258.5000,  -81.5000]
[   2.9310,   -0.1149,   -2.2529,    0.4943]
[ -13.9154,    3.6308,   10.4731,    0.6923]
1.0
[ 170.7500,  144.7500, -228.7500,  -79.2500]
[   2.3793,   -1.3678,    0.3908,   -0.2184]
[ -12.6846,    8.1692,    9.1269,   -3.6923]
1.0
[ 142.7500,  125.7500, -189.7500,  -72.2500]
[   6.1379,   -5.4368,    2.8391,   -2.3218]
[  -6.3692,    9.3385,    4.2538,   -6.3846]
1.0
[ 151.7500,  123.7500, -201.7500,  -67.2500]
[  -1.1379,    2.1034,   -0.6724,    0.6552]
[ -11.3769,    4.5538,    8.1654,   -0.5385]
1.0
[ 149.7500,  126.7500, -200.7500,  -69.2500]
[   4.7586,   -3.0690,    0.4483,   -1.1034]
[  -8.3846,    5.7692,    6.0769,   -2.6923]
1.0
[ 139.0000,  112.0000, -179.0000,  -66.0000]
[   1.3103,   -0.1494,    1.9713,   -2.0575]
[  -1.4846,    2.5692,    0.4269,   -0.6923]
1.0
[ 162.5000,  133.5000, -214.5000,  -74.5000]
[   1.6552,   -0.2414,    0.5690,   -0.8621]
[  -7.9154,    4.6308,    5.4731,   -1.3077]
1.0
[ 134.0000,  114.0000, -178.0000,  -64.0000]
[   0.0000,    0.0000,    1.0000,    0.0000]
[ -10.4923,    7.7846,    7.3385,   -3.8462]
1.0
[ 110.5000,   94.5000, -147.5000,  -52.5000]
[  -1.9655,    1.3908,    0.4598,    0.9195]
[ -11.6308,    7.6615,    8.2462,   -3.6154]
1.0
[ 150.7500,  124.7500, -199.7500,  -69.2500]
[   2.5517,   -1.0805,    0.5230,   -0.9540]
[  -7.3769,    4.5538,    5.1654,   -1.5385]
1.0
[ 138.0000,  111.0000, -180.0000,  -63.0000]
[  -4.1379,    4.1034,    0.3276,    0.6552]
[  -9.4846,    4.5692,    6.4269,   -0.6923]
1.0
[ 150.7500,  123.7500, -199.7500,  -68.2500]
[   0.0000,    1.0000,    0.0000,    0.0000]
[  -9.7077,    4.8154,    6.8615,   -1.1538]
1.0
[ 146.2500,  123.2500, -194.2500,  -68.7500]
[  -0.8621,    0.8966,    0.6724,    0.3448]
[ -11.9231,    7.8462,    8.3846,   -3.4615]
1.0
[ 122.2500,  107.2500, -169.2500,  -54.7500]
[  -2.0690,    1.5517,   -1.5862,    2.8276]
[ -19.9692,   10.1385,   14.8538,   -4.3846]
1.0
[ 149.7500,  124.7500, -199.7500,  -68.2500]
[   1.0000,    0.0000,    0.0000,    0.0000]
[ -10.6000,    5.8000,    7.6000,   -2.0000]
1.0
[ 314.7500,  259.7500, -429.7500, -132.2500]
[  32.7586,  -20.4023,   -2.8851,   -7.7701]
[   0.5692,   -4.9385,    1.0462,    4.3846]
2.0
[ 232.7500,  193.7500, -314.7500, -102.2500]
[  21.4828,  -13.8621,   -0.3966,   -5.7931]
[   0.0923,   -0.5846,    0.5615,    0.8462]
2.0
[ 251.7500,  212.7500, -339.7500, -114.2500]
[  22.5862,  -15.3563,    0.8161,   -6.3678]
[  -0.9846,    2.5692,    1.1769,   -1.6923]
2.0
[ 218.0000,  178.0000, -288.0000,  -99.0000]
[  16.0000,  -10.0000,    1.5000,   -6.0000]
[   4.0000,   -1.0000,   -3.0000,    1.0000]
2.0
[ 270.5000,  225.5000, -366.5000, -118.5000]
[  26.6207,  -17.2989,   -0.5575,   -7.1149]
[   1.0077,   -1.2154,    0.0885,    1.1538]
2.0
[ 250.2500,  209.2500, -331.2500, -117.7500]
[  22.7586,  -15.7356,    3.2816,   -8.4368]
[   6.8154,    1.1692,   -5.1231,   -1.6923]
2.0
[ 211.2500,  173.2500, -285.2500,  -90.7500]
[  18.7241,  -11.4598,   -1.0115,   -5.0230]
[   0.6231,   -2.4462,    0.1654,    2.4615]
2.0
[ 211.5000,  174.5000, -274.5000, -102.5000]
[  15.1379,  -10.4368,    4.3391,   -7.3218]
[   7.9154,    1.3692,   -6.4731,   -1.6923]
2.0
[ 213.0000,  179.0000, -281.0000, -102.0000]
[  20.2069,  -14.3218,    3.5920,   -7.8161]
[   7.3385,    1.5231,   -5.6077,   -2.2308]
2.0
[ 307.7500,  257.7500, -421.7500, -131.2500]
[  27.5517,  -17.4138,   -2.8103,   -5.6207]
[  -7.0846,    0.3692,    6.5269,    1.3077]
2.0
[ 241.5000,  203.5000, -330.5000, -104.5000]
[  17.1379,  -10.7701,   -1.9943,   -2.9885]
[ -10.2308,    3.4615,    8.3462,   -0.6154]
2.0
[ 227.7500,  192.7500, -307.7500, -103.2500]
[  20.5862,  -14.0230,    0.6494,   -5.7011]
[  -1.2308,    2.4615,    1.3462,   -1.6154]
2.0
[ 252.7500,  214.7500, -344.7500, -112.2500]
[  22.5172,  -15.1379,   -0.6034,   -5.2069]
[  -5.3308,    3.2615,    4.6962,   -1.6154]
2.0
[ 245.5000,  207.5000, -335.5000, -107.5000]
[  26.8276,  -17.9540,   -0.7989,   -6.5977]
[  -0.2462,   -0.1077,    1.1692,    0.0769]
2.0
[ 299.5000,  254.5000, -416.5000, -125.5000]
[  35.1379,  -23.1034,   -3.8276,   -6.6552]
[  -5.6846,   -0.8308,    6.1269,    1.3077]
2.0
[ 283.2500,  239.2500, -391.2500, -119.7500]
[  26.5862,  -17.0230,   -3.3506,   -4.7011]
[  -9.1154,    1.2308,    8.1731,    0.6923]
2.0
[ 216.0000,  178.0000, -287.0000,  -98.0000]
[  14.2414,   -8.9310,    1.0517,   -4.8966]
[  -0.0000,    1.0000,    0.0000,   -0.0000]
2.0
[ 267.0000,  217.0000, -354.0000, -119.0000]
[  16.3103,   -9.4828,    0.6379,   -5.7241]
[   0.4923,   -0.7846,   -0.3385,    1.8462]
2.0
[ 275.2500,  234.2500, -367.2500, -130.7500]
[  33.6897,  -24.1839,    4.1954,  -11.6092]
[  12.1538,    0.6923,   -8.7308,   -2.9231]
2.0
[ 174.7500,  147.7500, -229.7500,  -85.2500]
[  14.8966,  -10.8391,    3.4540,   -6.0920]
[   4.7538,    2.8923,   -3.8308,   -2.9231]
2.0
[ 280.2500,  237.2500, -384.2500, -121.7500]
[  26.2414,  -17.2644,   -1.7816,   -5.5632]
[  -6.3231,    2.0462,    5.7846,   -0.4615]
2.0
[ 247.5000,  206.5000, -338.5000, -105.5000]
[  23.3448,  -14.7586,   -2.0690,   -5.1379]
[  -3.4692,   -0.8615,    3.6038,    1.6154]
2.0
[ 235.5000,  197.5000, -308.5000, -114.5000]
[  22.1034,  -15.8276,    4.8793,   -9.2414]
[  10.2615,    1.6769,   -7.9923,   -2.7692]
2.0
[ 213.5000,  182.5000, -290.5000,  -96.5000]
[  17.1379,  -11.7701,    0.0057,   -3.9885]
[  -6.1308,    4.6615,    4.9962,   -2.6154]
2.0
[ 256.2500,  212.2500, -346.2500, -111.7500]
[  19.5517,  -12.0805,   -0.9770,   -4.9540]
[  -3.5462,    0.2923,    3.2192,    1.0769]
2.0
[ 212.5000,  174.5000, -278.5000,  -99.5000]
[  11.3103,   -7.1494,    2.4713,   -5.0575]
[   1.3538,    2.0923,   -1.4308,   -0.9231]
2.0
[ 214.5000,  182.5000, -292.5000,  -95.5000]
[  16.0000,  -10.6667,   -0.6667,   -3.3333]
[  -7.8000,    4.4000,    6.3000,   -2.0000]
2.0
[ 217.0000,  181.0000, -294.0000,  -95.0000]
[  14.0345,   -8.6092,   -1.0402,   -3.0805]
[  -6.9077,    2.4154,    5.5615,   -0.1538]
2.0
[ 256.2500,  215.2500, -347.2500, -113.7500]
[  25.8621,  -17.2299,   -0.0057,   -7.0115]
[   1.0000,    0.0000,    0.0000,   -0.0000]
2.0
[ 184.0000,  152.0000, -238.0000,  -90.0000]
[   7.3793,   -5.0345,    3.7241,   -4.5517]
[   1.5692,    4.0615,   -1.9538,   -2.6154]
2.0
[ 222.2500,  188.2500, -294.2500, -106.7500]
[  18.7241,  -13.4598,    3.4885,   -7.0230]
[   3.5769,    3.8462,   -2.8654,   -3.4615]
2.0
[ 237.0000,  194.0000, -313.0000, -108.0000]
[   9.4483,   -5.2529,    1.1437,   -3.7126]
[  -4.0692,    2.9385,    2.7038,   -0.3846]
2.0
[ 269.5000,  227.5000, -367.5000, -118.5000]
[  28.8276,  -19.2874,   -0.6322,   -7.2644]
[   0.0000,    0.0000,    1.0000,    0.0000]
2.0
[ 175.2500,  144.2500, -229.2500,  -82.7500]
[   7.4138,   -4.6437,    2.1839,   -3.6322]
[  -0.5692,    2.9385,   -0.0462,   -1.3846]
2.0
[ 165.5000,  130.5000, -207.5000,  -81.5000]
[   8.0690,   -4.8851,    4.7529,   -6.4943]
[  11.8846,   -1.7692,   -9.8269,    0.6923]
2.0
[ 273.2500,  236.2500, -373.2500, -124.7500]
[  27.6207,  -19.6322,    0.6092,   -6.7816]
[  -4.3077,    5.6154,    3.9615,   -4.1538]
2.0
[ 300.0000,  249.0000, -412.0000, -125.0000]
[  27.9310,  -17.1149,   -3.7529,   -5.5057]
[  -5.8846,   -2.2308,    5.8269,    3.3077]
2.0
[ 217.5000,  177.5000, -288.5000,  -97.5000]
[  13.2759,   -7.8736,    0.6782,   -4.6437]
[   0.0000,    0.0000,    0.0000,    1.0000]
2.0
[ 217.5000,  181.5000, -295.5000,  -94.5000]
[  14.0690,   -8.5517,   -1.4138,   -2.8276]
[  -7.8000,    2.4000,    6.3000,    0.0000]
2.0
[ 251.7500,  214.7500, -344.7500, -111.2500]
[  20.9655,  -14.0575,   -1.1264,   -4.2529]
[  -8.5538,    4.5077,    7.1308,   -2.0769]
2.0
[ 294.5000,  250.5000, -406.5000, -126.5000]
[  30.6207,  -20.2989,   -2.5575,   -6.1149]
[  -6.6615,    1.5231,    6.3923,   -0.2308]
2.0
[ 276.7500,  240.7500, -386.7500, -119.2500]
[  26.3793,  -18.0345,   -3.2759,   -3.5517]
[ -15.5615,    6.7231,   13.0423,   -3.2308]
2.0
[ 232.7500,  193.7500, -314.7500, -102.2500]
[  21.4828,  -13.8621,   -0.3966,   -5.7931]
[   0.0923,   -0.5846,    0.5615,    0.8462]
2.0
[ 282.2500,  236.2500, -384.2500, -122.7500]
[  26.7931,  -17.3448,   -1.2586,   -6.5172]
[  -2.2077,   -0.1846,    2.6115,    0.8462]
2.0
[ 309.2500,  261.2500, -427.2500, -130.7500]
[  31.4138,  -20.3103,   -3.4828,   -5.9655]
[  -7.5462,    0.2923,    7.2192,    1.0769]
2.0
[ 278.7500,  240.7500, -387.7500, -120.2500]
[  28.1379,  -19.1034,   -2.8276,   -4.6552]
[ -11.5615,    4.7231,   10.0423,   -2.2308]
2.0
[ 226.2500,  195.2500, -309.2500, -102.7500]
[  22.6207,  -15.9655,    0.2759,   -5.4483]
[  -3.9077,    4.4154,    3.5615,   -3.1538]
2.0
[ 241.0000,  204.0000, -329.0000, -106.0000]
[  19.6552,  -12.9080,   -1.0977,   -4.1954]
[  -7.0077,    3.2154,    5.9115,   -1.1538]
2.0
[ 286.7500,  237.7500, -393.7500, -119.2500]
[  24.8276,  -14.9540,   -3.7989,   -4.5977]
[  -7.4462,   -1.5077,    6.8692,    3.0769]
2.0
[ 220.0000,  180.0000, -295.0000,  -96.0000]
[  14.7931,   -8.6782,   -0.5920,   -4.1839]
[  -2.0154,   -0.5692,    1.8231,    1.6923]
2.0
==============================================
   1             0.0,            -0.5,             2.0
   2             0.0,             2.5,             2.0
   3             0.0,             0.5,            -3.0
   4             1.0,            -1.5, 3.37837396946e-15
==============================================
0.25 0.25 0.25
==============================================
[ 5.1  3.5  1.4  0.2] -> 0.0 [0.8660254037844386, 55.710267172314119, 59.398289079417665] 0 correct
[ 4.9  3.   1.4  0.2] -> 0.0 [2.9580398915497992, 47.190868835681613, 53.181357541348859] 0 correct
[ 4.7  3.2  1.3  0.2] -> 0.0 [4.0926763859362278, 50.35068163886379, 54.525298943261369] 0 correct
[ 4.6  3.1  1.5  0.2] -> 0.0 [4.7696960070847334, 47.954028843080479, 48.009977390059682] 0 correct
[ 5.   3.6  1.4  0.2] -> 0.0 [2.5980762113533045, 57.150453160692003, 58.985811652729659] 0 correct
[ 5.4  3.9  1.7  0.4] -> 0.0 [51.742149162940784, 54.977461782108222, 61.979306052086095] 0 correct
[ 4.6  3.4  1.4  0.3] -> 0.0 [33.282878481285309, 49.657751569352214, 53.974390705879685] 0 correct
[ 5.   3.4  1.5  0.2] -> 0.0 [0.86602540378443049, 53.600660597499221, 55.15090097811796] 0 correct
[ 4.4  2.9  1.4  0.2] -> 0.0 [6.6895440801298376, 44.602348599535979, 46.323067183147558] 0 correct
[ 4.9  3.1  1.5  0.1] -> 0.0 [26.818836663807854, 52.045805346270612, 50.362616307155193] 0 correct
[ 5.4  3.7  1.5  0.2] -> 0.0 [3.570714214271443, 59.250112258255939, 62.292201778126277] 0 correct
[ 4.8  3.4  1.6  0.2] -> 0.0 [3.8405728739342906, 52.935587995383223, 50.490098039120049] 0 correct
[ 4.8  3.   1.4  0.1] -> 0.0 [25.656383221335066, 50.508371784223037, 50.664767235754802] 0 correct
[ 4.3  3.   1.1  0.1] -> 0.0 [18.754999333511108, 50.39922958190396, 51.386228095373724] 0 correct
[ 5.8  4.   1.2  0.2] -> 0.0 [8.0467384697155495, 65.79363885056496, 76.241569909390122] 0 correct
[ 5.7  4.4  1.5  0.4] -> 0.0 [50.321466592300467, 64.330917944384893, 74.089375501012796] 0 correct
[ 5.4  3.9  1.3  0.4] -> 0.0 [52.813350584866463, 56.21292277828158, 71.036793116886074] 0 correct
[ 5.1  3.5  1.4  0.3] -> 0.0 [27.372431386342061, 52.237666307108711, 60.71068698995947] 0 correct
[ 5.7  3.8  1.7  0.3] -> 0.0 [20.180436070610607, 57.382597406676695, 63.453109463537274] 0 correct
[ 5.1  3.8  1.5  0.3] -> 0.0 [28.217902119044979, 56.83682776238625, 60.834011722460417] 0 correct
[ 5.4  3.4  1.7  0.2] -> 0.0 [5.5452682532047248, 53.798193651004453, 55.471744899980123] 0 correct
[ 5.1  3.7  1.5  0.4] -> 0.0 [55.292404541672958, 51.752654016778877, 61.35436778865455] 1 incorrect
[ 4.6  3.6  1.   0.2] -> 0.0 [9.0967026993301268, 57.588625284754549, 63.312808934273754] 0 correct
[ 5.1  3.3  1.7  0.5] -> 0.0 [81.08174887112412, 41.164980123704865, 54.97437205498742] 1 incorrect
[ 4.8  3.4  1.9  0.2] -> 0.0 [5.7227615711297766, 52.103886630286667, 43.703448437456402] 0 correct
[ 5.   3.   1.6  0.2] -> 0.0 [3.8405728739342972, 46.815776234927405, 49.874332609613901] 0 correct
[ 5.   3.4  1.6  0.4] -> 0.0 [55.310487251515127, 46.354816631826644, 55.510039072853914] 1 incorrect
[ 5.2  3.5  1.5  0.2] -> 0.0 [1.6583123951777123, 55.61085222023771, 58.335460710714379] 0 correct
[ 5.2  3.4  1.4  0.2] -> 0.0 [2.179449471770341, 54.273394655390199, 59.841352882374231] 0 correct
[ 4.7  3.2  1.6  0.2] -> 0.0 [4.0926763859362154, 49.489291290516306, 47.722120179617228] 0 correct
[ 4.8  3.1  1.6  0.2] -> 0.0 [2.9580398915498081, 48.053718165902332, 48.162712841823854] 0 correct
[ 5.4  3.4  1.5  0.4] -> 0.0 [50.737067317692066, 47.427246785091256, 62.606868514620935] 1 incorrect
[ 5.2  4.1  1.5  0.1] -> 0.0 [27.986603938313156, 68.888742466996035, 61.792614119838319] 0 correct
[ 5.5  4.2  1.4  0.2] -> 0.0 [5.7227615711297988, 67.889643291670865, 69.711597241353914] 0 correct
[ 4.9  3.1  1.5  0.1] -> 0.0 [26.818836663807854, 52.045805346270612, 50.362616307155193] 0 correct
[ 5.   3.2  1.2  0.2] -> 0.0 [2.9580398915498001, 51.22277995855476, 60.436684556952855] 0 correct
[ 5.5  3.5  1.3  0.2] -> 0.0 [5.8949130612757941, 56.773612390026052, 66.525463270191025] 0 correct
[ 4.9  3.1  1.5  0.1] -> 0.0 [26.818836663807854, 52.045805346270612, 50.362616307155193] 0 correct
[ 4.4  3.   1.3  0.2] -> 0.0 [7.1239034243875139, 46.519227695464593, 49.36301813272317] 0 correct
[ 5.1  3.4  1.5  0.2] -> 0.0 [0.8660254037844386, 53.791674936823782, 56.358229212777296] 0 correct
[ 5.   3.5  1.3  0.3] -> 0.0 [28.892040426387403, 52.350404992639554, 61.781151737881231] 0 correct
[ 4.5  2.3  1.3  0.3] -> 0.0 [32.089717979440174, 31.865065229571048, 46.770643165666904] 1 incorrect
[ 4.4  3.2  1.3  0.2] -> 0.0 [8.0467384697155424, 49.780729071803805, 50.939817577145433] 0 correct
[ 5.   3.5  1.6  0.6] -> 0.0 [110.67858871525272, 41.168754289705575, 58.958629437996919] 1 incorrect
[ 5.1  3.8  1.9  0.4] -> 0.0 [54.774537880296307, 52.184585607530934, 53.133259399718902] 1 incorrect
[ 4.8  3.   1.4  0.3] -> 0.0 [29.59307351391546, 43.512868197480422, 53.246843393396574] 0 correct
[ 5.1  3.8  1.6  0.2] -> 0.0 [3.8405728739342866, 60.023358017765815, 57.24551492728385] 0 correct
[ 4.6  3.2  1.4  0.2] -> 0.0 [5.172040216394306, 49.869217584250485, 51.056486296056079] 0 correct
[ 5.3  3.7  1.5  0.2] -> 0.0 [2.5980762113533236, 59.05952293497112, 61.090639202948154] 0 correct
[ 5.   3.3  1.4  0.2] -> 0.0 [0.8660254037844386, 52.261684722667752, 56.651505904977661] 0 correct
[ 7.   3.2  4.7  1.4] -> 1.0 [298.92766683597637, 3.1467446012369953, 21.300863596127325] 1 correct
[ 6.4  3.2  4.5  1.5] -> 1.0 [334.00636221485445, 1.6620725425630298, 19.448649958469986] 1 correct
[ 6.9  3.1  4.9  1.5] -> 1.0 [326.9231561085885, 2.9974721811575309, 16.135287416095103] 1 correct
[ 5.5  2.3  4.   1.3] -> 1.0 [288.58057800205557, 9.0298696215660392, 11.102745009481255] 1 correct
[ 6.5  2.8  4.6  1.5] -> 1.0 [331.53091861846093, 7.7104699987783452, 15.896177111040231] 1 correct
[ 5.7  2.8  4.5  1.3] -> 1.0 [286.58811908381762, 2.5712402179536888, 5.4053173469558038] 1 correct
[ 6.3  3.3  4.7  1.6] -> 1.0 [362.57171704367778, 4.1638436730943065, 15.811047276392751] 1 correct
[ 4.9  2.4  3.3  1. ] -> 1.0 [215.13426040498584, 3.978576696847643, 15.95021655915744] 1 correct
[ 6.6  2.9  4.6  1.3] -> 1.0 [275.76393890427448, 2.262565651946868, 15.500978686414737] 1 correct
[ 5.2  2.7  3.9  1.4] -> 1.0 [320.94820454397399, 6.6702898398615584, 13.451756885760531] 1 correct
[ 5.   2.   3.5  1. ] -> 1.0 [212.53881998355087, 3.4321894896444776, 10.808496411368033] 1 correct
[ 5.9  3.   4.2  1.5] -> 1.0 [340.12313946569503, 4.9985431884834464, 18.666520278025427] 1 correct
[ 6.   2.2  4.   1. ] -> 1.0 [200.24172891782629, 4.0082282591251293, 14.735877804683238] 1 correct
[ 6.1  2.9  4.7  1.4] -> 1.0 [309.04328175839788, 3.818813079129864, 7.8581158815010843] 1 correct
[ 5.6  2.9  3.6  1.3] -> 1.0 [289.75981432904126, 3.2833097431707099, 25.275520526189183] 1 correct
[ 6.7  3.1  4.4  1.4] -> 1.0 [302.84938500845675, 1.7790396746813648, 23.55187526296703] 1 correct
[ 5.6  3.   4.5  1.5] -> 1.0 [343.21603983497141, 6.1028881488547313, 8.5309729808503274] 1 correct
[ 5.8  2.7  4.1  1. ] -> 1.0 [203.66332512261559, 8.9057190138353572, 11.576268828944801] 1 correct
[ 6.2  2.2  4.5  1.5] -> 1.0 [333.79522165543449, 17.801902951983834, 11.893971298705809] 2 incorrect
[ 5.6  2.5  3.9  1.1] -> 1.0 [233.25683269735168, 2.3513895673291541, 13.37943975972169] 1 correct
[ 5.9  3.2  4.8  1.8] -> 1.0 [421.90609144690126, 13.879460269055302, 11.133851441841305] 2 incorrect
[ 6.1  2.8  4.   1.3] -> 1.0 [282.64155745396056, 0.8660254037844386, 21.744821528667508] 1 correct
[ 6.3  2.5  4.9  1.5] -> 1.0 [332.61351445784732, 13.900262617387577, 6.4897221884176526] 2 incorrect
[ 6.1  2.8  4.7  1.2] -> 1.0 [254.02017636400527, 3.9525149155630888, 5.546868619256256] 1 correct
[ 6.4  2.9  4.3  1.3] -> 1.0 [278.71535659163175, 1.7885940202191488, 19.495772565584303] 1 correct
[ 6.6  3.   4.4  1.4] -> 1.0 [303.79557271296846, 0.64164807123891021, 21.639350251103508] 1 correct
[ 6.8  2.8  4.8  1.4] -> 1.0 [300.13621907394065, 4.6428209917884535, 14.517944415762528] 1 correct
[ 6.7  3.   5.   1.7] -> 1.0 [383.75154722815222, 12.230426539304879, 13.063211703099567] 1 correct
[ 6.   2.9  4.5  1.5] -> 1.0 [338.05140141700434, 6.7868794055148731, 12.320284423828094] 1 correct
[ 5.7  2.6  3.5  1. ] -> 1.0 [205.62769755069533, 8.262507184279686, 22.972222742944837] 1 correct
[ 5.5  2.4  3.8  1.1] -> 1.0 [234.38376650271732, 1.3802080412095159, 13.74346052130212] 1 correct
[ 5.5  2.4  3.7  1. ] -> 1.0 [207.17806351059522, 4.4667818739172489, 14.828955762091967] 1 correct
[ 5.8  2.7  3.9  1.2] -> 1.0 [258.76485464606742, 1.8929171024003293, 18.296488168223334] 1 correct
[ 6.   2.7  5.1  1.6] -> 1.0 [363.83272255254991, 15.241870148647122, 2.1841955176154659] 2 incorrect
[ 5.4  3.   4.5  1.5] -> 1.0 [345.66927835721913, 6.5621287619360356, 6.7246114689462297] 1 correct
[ 6.   3.4  4.5  1.6] -> 1.0 [366.91313685939451, 3.6939361779438125, 17.798726352278894] 1 correct
[ 6.7  3.1  4.7  1.5] -> 1.0 [329.71464935607668, 2.7185487548581171, 18.00999845582151] 1 correct
[ 6.3  2.3  4.4  1.3] -> 1.0 [278.2314683855879, 8.9624165725797447, 13.655154866857773] 1 correct
[ 5.6  3.   4.1  1.3] -> 1.0 [289.0756821318605, 2.5251999838394776, 14.730356993629151] 1 correct
[ 5.5  2.5  4.   1.3] -> 1.0 [289.10854363024362, 5.7631873282704573, 12.150255068304123] 1 correct
[ 5.5  2.6  4.4  1.2] -> 1.0 [261.26471250438766, 3.0937107772649104, 3.0507322818663156] 2 incorrect
[ 6.1  3.   4.6  1.4] -> 1.0 [309.49273012463556, 1.8853115191860772, 10.750422449384713] 1 correct
[ 5.8  2.6  4.   1.2] -> 1.0 [258.32005342210726, 0.8660254037844386, 15.46584517134135] 1 correct
[ 5.   2.3  3.3  1. ] -> 1.0 [213.66036132142122, 2.588868362343399, 16.582015994379759] 1 correct
[ 5.6  2.7  4.2  1.3] -> 1.0 [288.06379501770169, 2.9312542175916807, 10.20061997767745] 1 correct
[ 5.7  3.   4.2  1.2] -> 1.0 [260.25228145013517, 5.8543305921788189, 12.347502322715497] 1 correct
[ 5.7  2.9  4.2  1.3] -> 1.0 [287.39302357573064, 0.8660254037844386, 12.871736387649223] 1 correct
[ 6.2  2.9  4.3  1.3] -> 1.0 [281.13386491136293, 1.3572590761391772, 16.906591620923546] 1 correct
[ 5.1  2.5  3.   1.1] -> 1.0 [241.01504102441487, 4.1337263119798306, 27.22776058998517] 1 correct
[ 5.7  2.8  4.1  1.3] -> 1.0 [287.302540886781, 0.8660254037844386, 14.408677940741017] 1 correct
[ 6.3  3.3  6.   2.5] -> 2.0 [607.2122775438603, 39.464904611525753, 6.6896148428412916] 2 correct
[ 5.8  2.7  5.1  1.9] -> 2.0 [448.58639078777361, 26.209114016893693, 1.083469116054443] 2 correct
[ 7.1  3.   5.9  2.1] -> 2.0 [486.948405891221, 28.046022352516562, 3.3962997616532316] 2 correct
[ 6.3  2.9  5.6  1.8] -> 2.0 [414.66703510165968, 19.843134832984425, 5.1720402163942421] 2 correct
[ 6.5  3.   5.8  2.2] -> 2.0 [521.90013412529561, 32.531059276902845, 1.8879836462535204] 2 correct
[ 7.6  3.   6.6  2.1] -> 2.0 [479.58028524950987, 29.100331109962863, 8.7516727057133235] 2 correct
[ 4.9  2.5  4.5  1.7] -> 2.0 [405.2668873717675, 22.534601482419468, 3.5080612997552234] 2 correct
[ 7.3  2.9  6.3  1.8] -> 2.0 [401.29135300925799, 20.246261820815306, 10.439498134573945] 2 correct
[ 6.7  2.5  5.8  1.8] -> 2.0 [408.3757460966566, 26.207760496951213, 9.6090471422637371] 2 correct
[ 7.2  3.6  6.1  2.5] -> 2.0 [596.85739502832837, 33.184701824729302, 9.7123259391315155] 2 correct
[ 6.5  3.2  5.1  2. ] -> 2.0 [468.9139046776084, 20.546769537001609, 13.654929534483598] 2 correct
[ 6.4  2.7  5.3  1.9] -> 2.0 [440.89539575731686, 25.55103191393302, 3.4299843876333194] 2 correct
[ 6.8  3.   5.5  2.1] -> 2.0 [491.37333057462672, 27.624709122491364, 7.9663224200007932] 2 correct
[ 5.7  2.5  5.   2. ] -> 2.0 [476.90486472670972, 32.950654623405846, 1.1176105110627006] 2 correct
[ 5.8  2.8  5.1  2.4] -> 2.0 [586.24845415574589, 42.741775741995887, 8.487912568076565] 2 correct
[ 6.4  3.2  5.3  2.3] -> 2.0 [552.16143472720148, 32.084730706529236, 12.314346158110549] 2 correct
[ 6.5  3.   5.5  1.8] -> 2.0 [412.68480708647479, 17.526546876727199, 0.86602540378443926] 2 correct
[ 7.7  3.8  6.7  2.2] -> 2.0 [507.78908022918472, 19.710456130087987, 2.0057756840371286] 2 correct
[ 7.7  2.6  6.9  2.3] -> 2.0 [531.59970842731047, 43.260063746357119, 15.25187930994745] 2 correct
[ 6.   2.2  5.   1.5] -> 2.0 [335.2860718848915, 19.697089302525807, 7.3476196684980053] 2 correct
[ 6.9  3.2  5.7  2.3] -> 2.0 [545.24604537768232, 31.94097403702035, 8.8073698295011908] 2 correct
[ 5.6  2.8  4.9  2. ] -> 2.0 [479.17246373305022, 28.160915435139248, 5.3085548351570333] 2 correct
[ 7.7  2.8  6.7  2. ] -> 2.0 [450.27130710273013, 29.113206200409088, 13.39098212853937] 2 correct
[ 6.3  2.7  4.9  1.8] -> 2.0 [415.43561474673908, 21.159158024168061, 9.5347938047661565] 2 correct
[ 6.7  3.3  5.7  2.1] -> 2.0 [493.03777745726677, 23.51986830981706, 4.8900620753310546] 2 correct
[ 7.2  3.2  6.   1.8] -> 2.0 [403.8127660191056, 14.497792552733694, 2.9687823495590284] 2 correct
[ 6.2  2.8  4.8  1.8] -> 2.0 [417.11958716895668, 19.51708653120814, 11.121600604229494] 2 correct
[ 6.1  3.   4.9  1.8] -> 2.0 [418.69648911831223, 16.770628000628744, 9.1813388047995836] 2 correct
[ 6.4  2.8  5.6  2.1] -> 2.0 [495.49293637750407, 31.848377724681896, 0.86602540378442561] 2 correct
[ 7.2  3.   5.8  1.6] -> 2.0 [348.85562916484611, 10.671411016340214, 5.416231358627285] 2 correct
[ 7.4  2.8  6.1  1.9] -> 2.0 [427.55964496196435, 24.344113255125126, 6.8907095932294675] 2 correct
[ 7.9  3.8  6.4  2. ] -> 2.0 [451.03575246315125, 11.462595773334309, 5.6839842993091034] 2 correct
[ 6.4  2.8  5.6  2.2] -> 2.0 [522.95291375036959, 35.434879675007238, 0.8660254037844386] 2 correct
[ 6.3  2.8  5.1  1.5] -> 2.0 [333.04691861658256, 9.6994520359585117, 3.264757120101669] 2 correct
[ 6.1  2.6  5.6  1.4] -> 2.0 [306.78290369575762, 12.380058729339479, 15.530021984537944] 1 incorrect
[ 7.7  3.   6.1  2.3] -> 2.0 [534.18372307662241, 34.554716586408595, 9.0955643002964859] 2 correct
[ 6.3  3.4  5.6  2.4] -> 2.0 [580.83065518273202, 33.42054040270083, 9.1781956368301323] 2 correct
[ 6.4  3.1  5.5  1.8] -> 2.0 [414.18202520148185, 16.118212361133246, 0.86602540378443871] 2 correct
[ 6.   3.   4.8  1.8] -> 2.0 [420.11278247632629, 16.753325046655831, 10.299999999999899] 2 correct
[ 6.9  3.1  5.4  2.1] -> 2.0 [490.63199039606189, 25.612630421311479, 12.181757143392291] 2 correct
[ 6.7  3.1  5.6  2.4] -> 2.0 [575.08195068181533, 37.323296188399809, 9.3460778724356448] 2 correct
[ 6.9  3.1  5.1  2.3] -> 2.0 [546.20669164703702, 32.310183821775219, 21.625548869458029] 2 correct
[ 5.8  2.7  5.1  1.9] -> 2.0 [448.58639078777361, 26.209114016893693, 1.083469116054443] 2 correct
[ 6.8  3.2  5.9  2.3] -> 2.0 [546.06707463461078, 32.591191919371788, 3.487320651365958] 2 correct
[ 6.7  3.3  5.7  2.5] -> 2.0 [602.92557583834662, 38.032563961978617, 10.489794279377737] 2 correct
[ 6.7  3.   5.2  2.3] -> 2.0 [548.14847441181621, 34.435808554765323, 16.172951613892867] 2 correct
[ 6.3  2.5  5.   1.9] -> 2.0 [442.15410209563942, 28.211022166882852, 7.5623600774379955] 2 correct
[ 6.5  3.   5.2  2. ] -> 2.0 [468.15515590453691, 23.90131356911105, 9.7719703911463967] 2 correct
[ 6.2  3.4  5.4  2.3] -> 2.0 [554.98175645691435, 29.582316613188539, 10.682976005372209] 2 correct
[ 5.9  3.   5.1  1.8] -> 2.0 [420.75735287692947, 17.651695172120558, 3.2183736566910217] 2 correct
Performance: 91.3333
==============================================