c1 [[ 5.   3.4  1.5  0.2]
 [ 5.   3.3  1.4  0.2]
 [ 5.1  3.4  1.5  0.2]
 [ 5.1  3.5  1.4  0.2]]
c2 [[ 5.7  2.8  4.1  1.3]
 [ 5.7  2.9  4.2  1.3]
 [ 5.8  2.6  4.   1.2]
 [ 6.1  2.8  4.   1.3]]
c3 [[ 6.4  2.8  5.6  2.1]
 [ 6.5  3.   5.5  1.8]
 [ 6.4  3.1  5.5  1.8]
 [ 6.4  2.8  5.6  2.2]]
[   0.0000,    0.0000,    0.0000,    1.0000] [ -43.2414,   31.2644,   -3.7184,   15.5632] [ -45.4462,   19.4923,   -5.9231,   32.3692] 0.0
[  -0.5000,    2.5000,    0.5000,   -1.5000] [ -36.9655,   26.0575,   -2.3736,   13.2529] [ -40.0077,   19.2154,   -7.1538,   28.4115] 0.0
[   2.0000,    2.0000,   -3.0000,    0.0000] [ -39.0690,   28.2184,   -3.4195,   14.1609] [ -41.6769,   17.9538,   -5.5385,   29.7154] 0.0
[   3.5000,    1.5000,   -2.5000,   -1.5000] [ -37.3448,   27.0920,   -2.5977,   12.8046] [ -36.7846,   15.9692,   -4.6923,   25.9769] 0.0
[   1.5000,   -0.5000,   -1.5000,    1.5000] [ -44.2069,   32.3218,   -4.0920,   15.8161] [ -45.4462,   18.4923,   -4.9231,   32.3692] 0.0
[  27.0000,   21.0000,  -38.0000,   -8.0000] [ -42.1034,   31.1609,   -5.0460,   15.9080] [ -47.8769,   18.5538,   -4.5385,   34.4154] 0.0
[  17.7500,   12.7500,  -24.7500,   -4.2500] [ -38.0690,   28.2184,   -4.4195,   14.1609] [ -41.7846,   15.9692,   -3.6923,   29.9769] 0.0
[   1.0000,   -0.0000,    0.0000,    0.0000] [ -41.6897,   30.1839,   -3.1954,   14.6092] [ -42.2231,   18.2462,   -5.4615,   29.9346] 0.0
[   4.0000,    3.0000,   -4.0000,   -2.0000] [ -34.7586,   25.0690,   -2.4483,   12.1034] [ -35.3462,   15.6923,   -4.9231,   25.0192] 0.0
[ -12.7500,  -10.7500,   20.7500,    3.2500] [ -40.9310,   29.1149,   -1.7471,   13.5057] [ -38.1154,   18.2308,   -6.3077,   26.6731] 0.0
[  -1.5000,   -1.5000,    2.5000,    1.5000] [ -46.0345,   33.2759,   -3.7931,   16.4138] [ -47.6615,   20.5231,   -6.2308,   33.8923] 0.0
[   3.5000,   -0.5000,   -1.5000,   -0.5000] [ -41.1034,   30.1609,   -3.0460,   13.9080] [ -39.0000,   16.0000,   -4.0000,   27.5000] 0.0
[ -12.7500,   -9.7500,   19.7500,    3.2500] [ -39.7241,   28.1264,   -1.8218,   13.3563] [ -38.2308,   18.4615,   -6.6154,   26.8462] 0.0
[  -9.2500,   -8.2500,   13.2500,    4.7500] [ -39.2069,   28.3218,   -3.0920,   13.8161] [ -39.3538,   16.9077,   -5.0769,   27.9308] 0.0
[  -5.5000,   -1.5000,    3.5000,    4.5000] [ -50.8966,   36.5057,   -5.2874,   19.4253] [ -58.1077,   25.0154,   -8.1538,   41.7615] 0.0
[  25.5000,   19.5000,  -38.5000,   -4.5000] [ -48.9310,   36.4483,   -6.9138,   19.1724] [ -57.4308,   21.0615,   -4.6154,   41.5462] 0.0
[  25.0000,   23.0000,  -40.0000,   -6.0000] [ -42.7931,   31.3448,   -6.2414,   17.5172] [ -54.5538,   21.5077,   -6.0769,   39.6308] 0.0
[  13.2500,   12.2500,  -20.2500,   -3.7500] [ -40.2759,   29.2069,   -4.3448,   15.3103] [ -46.4462,   19.4923,   -5.9231,   33.3692] 0.0
[  10.2500,    9.2500,  -14.2500,   -3.7500] [ -44.5172,   32.1379,   -3.8966,   16.2069] [ -48.4308,   21.0615,   -6.6154,   34.5462] 0.0
[  15.2500,   10.2500,  -21.2500,   -2.7500] [ -43.6207,   32.2989,   -4.9425,   16.1149] [ -47.1077,   18.0154,   -4.1538,   33.7615] 0.0
[  -2.0000,   -1.0000,    5.0000,   -1.0000] [ -42.1724,   30.0460,   -2.2989,   14.4023] [ -41.9923,   19.7846,   -6.8462,   29.5885] 0.0
[  28.0000,   23.0000,  -41.0000,   -8.0000] [ -39.4828,   29.1954,   -5.2701,   15.4598] [ -47.3308,   18.2615,   -4.6154,   34.1962] 0.0
[   3.5000,    1.5000,   -7.5000,    3.5000] [ -44.0690,   32.5517,   -5.5862,   16.8276] [ -49.0154,   18.4308,   -4.3077,   35.3231] 0.0
[  40.2500,   36.2500,  -58.2500,  -15.7500] [ -31.4828,   22.8621,   -4.1034,   12.7931] [ -41.8846,   17.7692,   -5.6923,   30.3269] 0.0
[   5.0000,   -2.0000,    0.0000,   -2.0000] [ -40.5862,   30.0230,   -2.1494,   12.7011] [ -33.9923,   13.7846,   -2.8462,   23.5885] 0.0
[  -0.5000,    1.5000,    2.5000,   -2.5000] [ -36.8276,   25.9540,   -1.7011,   12.5977] [ -37.4462,   18.4923,   -6.9231,   26.3692] 0.0
[  28.0000,   24.0000,  -40.0000,  -10.0000] [ -35.5862,   26.0230,   -4.1494,   13.7011] [ -42.5538,   17.5077,   -5.0769,   30.6308] 0.0
[  -0.5000,   -0.5000,    1.5000,    0.5000] [ -43.2759,   31.2069,   -3.3448,   15.3103] [ -44.5538,   19.5077,   -6.0769,   31.6308] 0.0
[  -1.5000,    0.5000,    1.5000,    0.5000] [ -42.2759,   30.2069,   -3.3448,   15.3103] [ -45.4462,   20.4923,   -6.9231,   32.3692] 0.0
[   3.5000,    0.5000,   -1.5000,   -1.5000] [ -38.5517,   28.0805,   -2.5230,   12.9540] [ -36.6692,   15.7385,   -4.3846,   25.8038] 0.0
[   2.0000,    1.0000,   -0.0000,   -2.0000] [ -37.5862,   27.0230,   -2.1494,   12.7011] [ -36.6692,   16.7385,   -5.3846,   25.8038] 0.0
[  23.5000,   24.5000,  -36.5000,   -9.5000] [ -36.5862,   26.0230,   -4.1494,   14.7011] [ -47.3308,   21.2615,   -7.6154,   34.1962] 0.0
[ -10.7500,  -15.7500,   18.7500,    8.2500] [ -53.2759,   39.5402,   -4.5115,   17.9770] [ -48.2154,   18.0308,   -3.3077,   34.0231] 0.0
[  -0.5000,   -3.5000,    0.5000,    4.5000] [ -52.2759,   38.5402,   -5.5115,   18.9770] [ -53.9923,   20.7846,   -4.8462,   38.5885] 0.0
[ -12.7500,  -10.7500,   20.7500,    3.2500] [ -40.9310,   29.1149,   -1.7471,   13.5057] [ -38.1154,   18.2308,   -6.3077,   26.6731] 0.0
[  -1.5000,    2.5000,   -0.5000,    0.5000] [ -39.8621,   28.2299,   -3.4943,   15.0115] [ -45.6769,   20.9538,   -7.5385,   32.7154] 0.0
[  -4.5000,    0.5000,    3.5000,    1.5000] [ -44.2414,   31.2644,   -3.7184,   16.5632] [ -50.2231,   23.2462,   -8.4615,   35.9346] 0.0
[ -12.7500,  -10.7500,   20.7500,    3.2500] [ -40.9310,   29.1149,   -1.7471,   13.5057] [ -38.1154,   18.2308,   -6.3077,   26.6731] 0.0
[   4.0000,    3.0000,   -5.0000,   -1.0000] [ -36.1034,   26.1609,   -3.0460,   12.9080] [ -37.7923,   16.1846,   -4.8462,   26.8885] 0.0
[   0.0000,    0.0000,    1.0000,    0.0000] [ -41.8966,   30.1724,   -3.1207,   14.7586] [ -43.0000,   19.0000,   -6.0000,   30.5000] 0.0
[  13.7500,   12.7500,  -21.7500,   -3.2500] [ -40.2414,   29.2644,   -4.7184,   15.5632] [ -47.3385,   19.4769,   -5.7692,   34.1077] 0.0
[  12.7500,   18.7500,  -20.7500,   -9.2500] [ -25.1379,   16.7701,   -1.5057,    9.9885] [ -34.1308,   18.6615,   -8.6154,   24.4962] 0.0
[   5.0000,    2.0000,   -6.0000,    0.0000] [ -38.4483,   28.2529,   -3.6437,   13.7126] [ -39.3462,   15.6923,   -3.9231,   28.0192] 0.0
[  55.0000,   48.0000,  -81.0000,  -19.0000] [ -30.8276,   22.9540,   -5.7011,   13.5977] [ -45.3308,   17.2615,   -4.6154,   33.1962] 0.0
[  30.5000,   20.5000,  -39.5000,   -9.5000] [ -39.9655,   30.0575,   -4.3736,   14.2529] [ -41.4308,   15.0615,   -2.6154,   29.5462] 0.0
[  13.7500,   14.7500,  -20.7500,   -6.2500] [ -33.7931,   24.0115,   -3.0747,   12.8506] [ -40.2308,   18.4615,   -6.6154,   28.8462] 0.0
[   2.5000,   -2.5000,   -0.5000,    1.5000] [ -46.4138,   34.3103,   -4.0172,   15.9655] [ -44.4385,   17.2769,   -3.7692,   31.4577] 0.0
[   3.5000,    1.5000,   -3.5000,   -0.5000] [ -38.6897,   28.1839,   -3.1954,   13.6092] [ -39.2308,   16.4615,   -4.6154,   27.8462] 0.0
[  -0.5000,   -1.5000,    1.5000,    1.5000] [ -45.8276,   33.2874,   -3.8678,   16.2644] [ -46.8846,   19.7692,   -5.6923,   33.3269] 0.0
[   0.0000,    1.0000,    0.0000,    0.0000] [ -40.6897,   29.1839,   -3.1954,   14.6092] [ -43.1154,   19.2308,   -6.3077,   30.6731] 0.0
[ 155.0000,  132.0000, -206.0000,  -74.0000] [  -2.3793,    1.7011,    0.9425,    0.8851] [ -14.7923,   10.1846,   -4.8462,   10.3885] 1.0
[ 173.2500,  145.2500, -233.2500,  -77.7500] [   1.4828,   -0.1954,   -0.7299,    0.5402] [ -14.4692,    7.1385,   -2.3846,   10.6038] 1.0
[ 169.7500,  143.7500, -225.7500,  -80.2500] [   2.3103,   -1.4828,    1.1379,   -0.7241] [ -10.9000,    8.2000,   -4.0000,    7.6500] 1.0
[ 148.7500,  127.7500, -199.7500,  -70.2500] [   7.1034,   -5.1609,    1.0460,   -1.9080] [  -6.8308,    6.2615,   -3.6154,    4.9462] 1.0
[ 170.7500,  146.7500, -229.7500,  -80.2500] [   6.1379,   -4.4368,    0.8391,   -1.3218] [ -10.4692,    8.1385,   -4.3846,    7.6038] 1.0
[ 151.7500,  122.7500, -197.7500,  -70.2500] [   1.6897,   -0.1839,    1.1954,   -1.6092] [  -3.9231,    2.8462,   -0.4615,    2.3846] 1.0
[ 189.0000,  156.0000, -254.0000,  -83.0000] [   3.8276,   -1.2874,   -1.1322,   -0.2644] [ -12.1308,    4.6615,   -0.6154,    8.9962] 1.0
[ 112.0000,   94.0000, -149.0000,  -52.0000] [  -2.9310,    2.4483,    0.0862,    1.1724] [ -11.6308,    6.6615,   -2.6154,    8.2462] 1.0
[ 143.7500,  121.7500, -188.7500,  -70.2500] [  -1.1724,    0.7126,    1.8678,   -0.2644] [ -10.0231,    8.6462,   -4.4615,    6.7346] 1.0
[ 166.5000,  138.5000, -225.5000,  -72.5000] [   5.8276,   -2.9540,   -1.2989,   -0.5977] [ -10.2769,    3.7538,   -0.5385,    7.8154] 1.0
[ 110.0000,   95.0000, -145.0000,  -55.0000] [   1.8966,   -1.8391,    1.9540,   -1.0920] [  -5.9615,    6.9231,   -4.2308,    3.9423] 1.0
[ 175.7500,  147.7500, -238.7500,  -77.2500] [   4.3448,   -2.0920,   -1.4023,    0.1954] [ -14.0385,    6.0769,   -1.7692,   10.5577] 1.0
[ 103.5000,   91.5000, -133.5000,  -56.5000] [  -1.6552,   -0.0920,    3.5977,   -0.8046] [  -6.9385,   10.2769,   -6.7692,    4.2077] 1.0
[ 162.5000,  133.5000, -213.5000,  -75.5000] [   3.0000,   -1.3333,    1.1667,   -1.6667] [  -5.4692,    4.1385,   -1.3846,    3.6038] 1.0
[ 148.7500,  126.7500, -203.7500,  -65.2500] [  -0.8276,    1.2874,   -1.8678,    2.2644] [ -18.9462,    8.4923,   -2.9231,   14.1192] 1.0
[ 156.0000,  134.0000, -210.0000,  -73.0000] [  -1.1034,    0.8276,    0.1207,    1.2414] [ -16.6923,   10.3846,   -4.8462,   12.0385] 1.0
[ 180.2500,  146.2500, -240.2500,  -78.7500] [   5.4828,   -2.1954,   -0.7299,   -1.4598] [  -6.7000,    1.6000,    1.0000,    4.9500] 1.0
[ 108.5000,   88.5000, -137.5000,  -54.5000] [  -6.9310,    5.1149,    2.2529,    0.5057] [  -7.6000,    6.8000,   -3.0000,    4.6000] 1.0
[ 170.2500,  150.2500, -230.2500,  -82.7500] [  13.6207,  -10.6322,    2.1092,   -3.7816] [  -5.1462,    8.0923,   -5.9231,    3.8192] 1.0
[ 121.7500,  102.7500, -159.7500,  -59.2500] [  -1.5517,    1.0805,    1.4770,   -0.0460] [  -8.8308,    7.2615,   -3.6154,    5.9462] 1.0
[ 219.5000,  180.5000, -297.5000,  -93.5000] [  11.9310,   -6.4483,   -2.0862,   -2.1724] [  -8.5769,    1.1538,    1.4615,    6.8654] 1.0
[ 145.2500,  125.2500, -196.2500,  -67.7500] [   0.0000,    0.0000,    0.0000,    1.0000] [ -15.3769,    9.5538,   -4.5385,   11.1654] 1.0
[ 172.7500,  146.7500, -228.7500,  -83.2500] [  10.5862,   -7.6897,    2.4828,   -4.0345] [  -1.5769,    5.1538,   -3.5385,    0.8654] 1.0
[ 135.5000,  109.5000, -172.5000,  -66.5000] [  -1.7586,    1.7356,    2.7184,   -1.5632] [  -2.6923,    4.3846,   -1.8462,    1.0385] 1.0
[ 144.2500,  123.2500, -192.2500,  -68.7500] [  -1.2759,    0.8736,    0.8218,    0.6437] [ -13.4769,    9.3538,   -4.5385,    9.5154] 1.0
[ 156.5000,  134.5000, -210.5000,  -73.5000] [   0.2759,   -0.2069,    0.3448,    0.6897] [ -15.1385,    9.8769,   -4.7692,   10.9077] 1.0
[ 155.5000,  133.5000, -205.5000,  -76.5000] [   2.8966,   -2.5057,    2.2874,   -1.4253] [  -8.4615,    8.9231,   -5.2308,    5.6923] 1.0
[ 198.2500,  168.2500, -267.2500,  -90.7500] [  10.0000,   -6.6667,    0.3333,   -2.3333] [  -8.9000,    6.2000,   -3.0000,    6.6500] 1.0
[ 175.7500,  146.7500, -235.7500,  -79.2500] [   5.8276,   -3.2874,   -0.1322,   -1.2644] [  -9.0308,    4.8615,   -1.6154,    6.6462] 1.0
[ 106.0000,   92.0000, -141.0000,  -52.0000] [  -6.5862,    4.3563,    0.6839,    2.3678] [ -16.0615,   10.7231,   -5.2308,   11.2923] 1.0
[ 121.7500,  103.7500, -160.7500,  -59.2500] [  -0.3448,    0.0920,    1.4023,   -0.1954] [  -8.9462,    7.4923,   -3.9231,    6.1192] 1.0
[ 108.0000,   92.0000, -141.0000,  -54.0000] [  -3.4828,    2.1954,    1.7299,    0.4598] [  -9.6154,    8.2308,   -4.3077,    6.4231] 1.0
[ 134.0000,  114.0000, -179.0000,  -63.0000] [  -1.3448,    1.0920,    0.4023,    0.8046] [ -12.9385,    8.2769,   -3.7692,    9.2077] 1.0
[ 191.0000,  157.0000, -252.0000,  -88.0000] [  12.1724,   -7.7126,    1.6322,   -4.7356] [   1.5385,    0.9231,   -0.2308,   -1.3077] 1.0
[ 182.2500,  146.2500, -242.2500,  -78.7500] [   5.8966,   -2.1724,   -0.8793,   -1.7586] [  -5.1462,    0.0923,    2.0769,    3.8192] 1.0
[ 191.5000,  156.5000, -258.5000,  -81.5000] [   2.9310,   -0.1149,   -2.2529,    0.4943] [ -13.9154,    3.6308,    0.6923,   10.4731] 1.0
[ 170.7500,  144.7500, -228.7500,  -79.2500] [   2.3793,   -1.3678,    0.3908,   -0.2184] [ -12.6846,    8.1692,   -3.6923,    9.1269] 1.0
[ 142.7500,  125.7500, -189.7500,  -72.2500] [   6.1379,   -5.4368,    2.8391,   -2.3218] [  -6.3692,    9.3385,   -6.3846,    4.2538] 1.0
[ 151.7500,  123.7500, -201.7500,  -67.2500] [  -1.1379,    2.1034,   -0.6724,    0.6552] [ -11.3769,    4.5538,   -0.5385,    8.1654] 1.0
[ 149.7500,  126.7500, -200.7500,  -69.2500] [   4.7586,   -3.0690,    0.4483,   -1.1034] [  -8.3846,    5.7692,   -2.6923,    6.0769] 1.0
[ 139.0000,  112.0000, -179.0000,  -66.0000] [   1.3103,   -0.1494,    1.9713,   -2.0575] [  -1.4846,    2.5692,   -0.6923,    0.4269] 1.0
[ 162.5000,  133.5000, -214.5000,  -74.5000] [   1.6552,   -0.2414,    0.5690,   -0.8621] [  -7.9154,    4.6308,   -1.3077,    5.4731] 1.0
[ 134.0000,  114.0000, -178.0000,  -64.0000] [   0.0000,    0.0000,    1.0000,    0.0000] [ -10.4923,    7.7846,   -3.8462,    7.3385] 1.0
[ 110.5000,   94.5000, -147.5000,  -52.5000] [  -1.9655,    1.3908,    0.4598,    0.9195] [ -11.6308,    7.6615,   -3.6154,    8.2462] 1.0
[ 150.7500,  124.7500, -199.7500,  -69.2500] [   2.5517,   -1.0805,    0.5230,   -0.9540] [  -7.3769,    4.5538,   -1.5385,    5.1654] 1.0
[ 138.0000,  111.0000, -180.0000,  -63.0000] [  -4.1379,    4.1034,    0.3276,    0.6552] [  -9.4846,    4.5692,   -0.6923,    6.4269] 1.0
[ 150.7500,  123.7500, -199.7500,  -68.2500] [   0.0000,    1.0000,    0.0000,    0.0000] [  -9.7077,    4.8154,   -1.1538,    6.8615] 1.0
[ 146.2500,  123.2500, -194.2500,  -68.7500] [  -0.8621,    0.8966,    0.6724,    0.3448] [ -11.9231,    7.8462,   -3.4615,    8.3846] 1.0
[ 122.2500,  107.2500, -169.2500,  -54.7500] [  -2.0690,    1.5517,   -1.5862,    2.8276] [ -19.9692,   10.1385,   -4.3846,   14.8538] 1.0
[ 149.7500,  124.7500, -199.7500,  -68.2500] [   1.0000,    0.0000,    0.0000,    0.0000] [ -10.6000,    5.8000,   -2.0000,    7.6000] 1.0
[ 314.7500,  259.7500, -429.7500, -132.2500] [  32.7586,  -20.4023,   -2.8851,   -7.7701] [   0.5692,   -4.9385,    4.3846,    1.0462] 2.0
[ 232.7500,  193.7500, -314.7500, -102.2500] [  21.4828,  -13.8621,   -0.3966,   -5.7931] [   0.0923,   -0.5846,    0.8462,    0.5615] 2.0
[ 251.7500,  212.7500, -339.7500, -114.2500] [  22.5862,  -15.3563,    0.8161,   -6.3678] [  -0.9846,    2.5692,   -1.6923,    1.1769] 2.0
[ 218.0000,  178.0000, -288.0000,  -99.0000] [  16.0000,  -10.0000,    1.5000,   -6.0000] [   4.0000,   -1.0000,    1.0000,   -3.0000] 2.0
[ 270.5000,  225.5000, -366.5000, -118.5000] [  26.6207,  -17.2989,   -0.5575,   -7.1149] [   1.0077,   -1.2154,    1.1538,    0.0885] 2.0
[ 250.2500,  209.2500, -331.2500, -117.7500] [  22.7586,  -15.7356,    3.2816,   -8.4368] [   6.8154,    1.1692,   -1.6923,   -5.1231] 2.0
[ 211.2500,  173.2500, -285.2500,  -90.7500] [  18.7241,  -11.4598,   -1.0115,   -5.0230] [   0.6231,   -2.4462,    2.4615,    0.1654] 2.0
[ 211.5000,  174.5000, -274.5000, -102.5000] [  15.1379,  -10.4368,    4.3391,   -7.3218] [   7.9154,    1.3692,   -1.6923,   -6.4731] 2.0
[ 213.0000,  179.0000, -281.0000, -102.0000] [  20.2069,  -14.3218,    3.5920,   -7.8161] [   7.3385,    1.5231,   -2.2308,   -5.6077] 2.0
[ 307.7500,  257.7500, -421.7500, -131.2500] [  27.5517,  -17.4138,   -2.8103,   -5.6207] [  -7.0846,    0.3692,    1.3077,    6.5269] 2.0
[ 241.5000,  203.5000, -330.5000, -104.5000] [  17.1379,  -10.7701,   -1.9943,   -2.9885] [ -10.2308,    3.4615,   -0.6154,    8.3462] 2.0
[ 227.7500,  192.7500, -307.7500, -103.2500] [  20.5862,  -14.0230,    0.6494,   -5.7011] [  -1.2308,    2.4615,   -1.6154,    1.3462] 2.0
[ 252.7500,  214.7500, -344.7500, -112.2500] [  22.5172,  -15.1379,   -0.6034,   -5.2069] [  -5.3308,    3.2615,   -1.6154,    4.6962] 2.0
[ 245.5000,  207.5000, -335.5000, -107.5000] [  26.8276,  -17.9540,   -0.7989,   -6.5977] [  -0.2462,   -0.1077,    0.0769,    1.1692] 2.0
[ 299.5000,  254.5000, -416.5000, -125.5000] [  35.1379,  -23.1034,   -3.8276,   -6.6552] [  -5.6846,   -0.8308,    1.3077,    6.1269] 2.0
[ 283.2500,  239.2500, -391.2500, -119.7500] [  26.5862,  -17.0230,   -3.3506,   -4.7011] [  -9.1154,    1.2308,    0.6923,    8.1731] 2.0
[ 216.0000,  178.0000, -287.0000,  -98.0000] [  14.2414,   -8.9310,    1.0517,   -4.8966] [  -0.0000,    1.0000,   -0.0000,    0.0000] 2.0
[ 267.0000,  217.0000, -354.0000, -119.0000] [  16.3103,   -9.4828,    0.6379,   -5.7241] [   0.4923,   -0.7846,    1.8462,   -0.3385] 2.0
[ 275.2500,  234.2500, -367.2500, -130.7500] [  33.6897,  -24.1839,    4.1954,  -11.6092] [  12.1538,    0.6923,   -2.9231,   -8.7308] 2.0
[ 174.7500,  147.7500, -229.7500,  -85.2500] [  14.8966,  -10.8391,    3.4540,   -6.0920] [   4.7538,    2.8923,   -2.9231,   -3.8308] 2.0
[ 280.2500,  237.2500, -384.2500, -121.7500] [  26.2414,  -17.2644,   -1.7816,   -5.5632] [  -6.3231,    2.0462,   -0.4615,    5.7846] 2.0
[ 247.5000,  206.5000, -338.5000, -105.5000] [  23.3448,  -14.7586,   -2.0690,   -5.1379] [  -3.4692,   -0.8615,    1.6154,    3.6038] 2.0
[ 235.5000,  197.5000, -308.5000, -114.5000] [  22.1034,  -15.8276,    4.8793,   -9.2414] [  10.2615,    1.6769,   -2.7692,   -7.9923] 2.0
[ 213.5000,  182.5000, -290.5000,  -96.5000] [  17.1379,  -11.7701,    0.0057,   -3.9885] [  -6.1308,    4.6615,   -2.6154,    4.9962] 2.0
[ 256.2500,  212.2500, -346.2500, -111.7500] [  19.5517,  -12.0805,   -0.9770,   -4.9540] [  -3.5462,    0.2923,    1.0769,    3.2192] 2.0
[ 212.5000,  174.5000, -278.5000,  -99.5000] [  11.3103,   -7.1494,    2.4713,   -5.0575] [   1.3538,    2.0923,   -0.9231,   -1.4308] 2.0
[ 214.5000,  182.5000, -292.5000,  -95.5000] [  16.0000,  -10.6667,   -0.6667,   -3.3333] [  -7.8000,    4.4000,   -2.0000,    6.3000] 2.0
[ 217.0000,  181.0000, -294.0000,  -95.0000] [  14.0345,   -8.6092,   -1.0402,   -3.0805] [  -6.9077,    2.4154,   -0.1538,    5.5615] 2.0
[ 256.2500,  215.2500, -347.2500, -113.7500] [  25.8621,  -17.2299,   -0.0057,   -7.0115] [   1.0000,    0.0000,   -0.0000,    0.0000] 2.0
[ 184.0000,  152.0000, -238.0000,  -90.0000] [   7.3793,   -5.0345,    3.7241,   -4.5517] [   1.5692,    4.0615,   -2.6154,   -1.9538] 2.0
[ 222.2500,  188.2500, -294.2500, -106.7500] [  18.7241,  -13.4598,    3.4885,   -7.0230] [   3.5769,    3.8462,   -3.4615,   -2.8654] 2.0
[ 237.0000,  194.0000, -313.0000, -108.0000] [   9.4483,   -5.2529,    1.1437,   -3.7126] [  -4.0692,    2.9385,   -0.3846,    2.7038] 2.0
[ 269.5000,  227.5000, -367.5000, -118.5000] [  28.8276,  -19.2874,   -0.6322,   -7.2644] [   0.0000,    0.0000,    0.0000,    1.0000] 2.0
[ 175.2500,  144.2500, -229.2500,  -82.7500] [   7.4138,   -4.6437,    2.1839,   -3.6322] [  -0.5692,    2.9385,   -1.3846,   -0.0462] 2.0
[ 165.5000,  130.5000, -207.5000,  -81.5000] [   8.0690,   -4.8851,    4.7529,   -6.4943] [  11.8846,   -1.7692,    0.6923,   -9.8269] 2.0
[ 273.2500,  236.2500, -373.2500, -124.7500] [  27.6207,  -19.6322,    0.6092,   -6.7816] [  -4.3077,    5.6154,   -4.1538,    3.9615] 2.0
[ 300.0000,  249.0000, -412.0000, -125.0000] [  27.9310,  -17.1149,   -3.7529,   -5.5057] [  -5.8846,   -2.2308,    3.3077,    5.8269] 2.0
[ 217.5000,  177.5000, -288.5000,  -97.5000] [  13.2759,   -7.8736,    0.6782,   -4.6437] [   0.0000,    0.0000,    1.0000,    0.0000] 2.0
[ 217.5000,  181.5000, -295.5000,  -94.5000] [  14.0690,   -8.5517,   -1.4138,   -2.8276] [  -7.8000,    2.4000,    0.0000,    6.3000] 2.0
[ 251.7500,  214.7500, -344.7500, -111.2500] [  20.9655,  -14.0575,   -1.1264,   -4.2529] [  -8.5538,    4.5077,   -2.0769,    7.1308] 2.0
[ 294.5000,  250.5000, -406.5000, -126.5000] [  30.6207,  -20.2989,   -2.5575,   -6.1149] [  -6.6615,    1.5231,   -0.2308,    6.3923] 2.0
[ 276.7500,  240.7500, -386.7500, -119.2500] [  26.3793,  -18.0345,   -3.2759,   -3.5517] [ -15.5615,    6.7231,   -3.2308,   13.0423] 2.0
[ 232.7500,  193.7500, -314.7500, -102.2500] [  21.4828,  -13.8621,   -0.3966,   -5.7931] [   0.0923,   -0.5846,    0.8462,    0.5615] 2.0
[ 282.2500,  236.2500, -384.2500, -122.7500] [  26.7931,  -17.3448,   -1.2586,   -6.5172] [  -2.2077,   -0.1846,    0.8462,    2.6115] 2.0
[ 309.2500,  261.2500, -427.2500, -130.7500] [  31.4138,  -20.3103,   -3.4828,   -5.9655] [  -7.5462,    0.2923,    1.0769,    7.2192] 2.0
[ 278.7500,  240.7500, -387.7500, -120.2500] [  28.1379,  -19.1034,   -2.8276,   -4.6552] [ -11.5615,    4.7231,   -2.2308,   10.0423] 2.0
[ 226.2500,  195.2500, -309.2500, -102.7500] [  22.6207,  -15.9655,    0.2759,   -5.4483] [  -3.9077,    4.4154,   -3.1538,    3.5615] 2.0
[ 241.0000,  204.0000, -329.0000, -106.0000] [  19.6552,  -12.9080,   -1.0977,   -4.1954] [  -7.0077,    3.2154,   -1.1538,    5.9115] 2.0
[ 286.7500,  237.7500, -393.7500, -119.2500] [  24.8276,  -14.9540,   -3.7989,   -4.5977] [  -7.4462,   -1.5077,    3.0769,    6.8692] 2.0
[ 220.0000,  180.0000, -295.0000,  -96.0000] [  14.7931,   -8.6782,   -0.5920,   -4.1839] [  -2.0154,   -0.5692,    1.6923,    1.8231] 2.0
==============================================
   1 [   0.0000,    0.0000,    0.0000,    1.0000], [  -2.3793,    1.7011,    0.9425,    0.8851], [   0.5692,   -4.9385,    4.3846,    1.0462]
   2 [  -0.5000,    2.5000,    0.5000,   -1.5000], [   1.4828,   -0.1954,   -0.7299,    0.5402], [   0.0923,   -0.5846,    0.8462,    0.5615]
   3 [   2.0000,    2.0000,   -3.0000,    0.0000], [   2.3103,   -1.4828,    1.1379,   -0.7241], [  -0.9846,    2.5692,   -1.6923,    1.1769]
   4 [   3.5000,    1.5000,   -2.5000,   -1.5000], [   7.1034,   -5.1609,    1.0460,   -1.9080], [   4.0000,   -1.0000,    1.0000,   -3.0000]
   5 [   1.5000,   -0.5000,   -1.5000,    1.5000], [   6.1379,   -4.4368,    0.8391,   -1.3218], [   1.0077,   -1.2154,    1.1538,    0.0885]
   6 [  27.0000,   21.0000,  -38.0000,   -8.0000], [   1.6897,   -0.1839,    1.1954,   -1.6092], [   6.8154,    1.1692,   -1.6923,   -5.1231]
   7 [  17.7500,   12.7500,  -24.7500,   -4.2500], [   3.8276,   -1.2874,   -1.1322,   -0.2644], [   0.6231,   -2.4462,    2.4615,    0.1654]
   8 [   1.0000,   -0.0000,    0.0000,    0.0000], [  -2.9310,    2.4483,    0.0862,    1.1724], [   7.9154,    1.3692,   -1.6923,   -6.4731]
   9 [   4.0000,    3.0000,   -4.0000,   -2.0000], [  -1.1724,    0.7126,    1.8678,   -0.2644], [   7.3385,    1.5231,   -2.2308,   -5.6077]
  10 [ -12.7500,  -10.7500,   20.7500,    3.2500], [   5.8276,   -2.9540,   -1.2989,   -0.5977], [  -7.0846,    0.3692,    1.3077,    6.5269]
  11 [  -1.5000,   -1.5000,    2.5000,    1.5000], [   1.8966,   -1.8391,    1.9540,   -1.0920], [ -10.2308,    3.4615,   -0.6154,    8.3462]
  12 [   3.5000,   -0.5000,   -1.5000,   -0.5000], [   4.3448,   -2.0920,   -1.4023,    0.1954], [  -1.2308,    2.4615,   -1.6154,    1.3462]
  13 [ -12.7500,   -9.7500,   19.7500,    3.2500], [  -1.6552,   -0.0920,    3.5977,   -0.8046], [  -5.3308,    3.2615,   -1.6154,    4.6962]
  14 [  -9.2500,   -8.2500,   13.2500,    4.7500], [   3.0000,   -1.3333,    1.1667,   -1.6667], [  -0.2462,   -0.1077,    0.0769,    1.1692]
  15 [  -5.5000,   -1.5000,    3.5000,    4.5000], [  -0.8276,    1.2874,   -1.8678,    2.2644], [  -5.6846,   -0.8308,    1.3077,    6.1269]
  16 [  25.5000,   19.5000,  -38.5000,   -4.5000], [  -1.1034,    0.8276,    0.1207,    1.2414], [  -9.1154,    1.2308,    0.6923,    8.1731]
  17 [  25.0000,   23.0000,  -40.0000,   -6.0000], [   5.4828,   -2.1954,   -0.7299,   -1.4598], [  -0.0000,    1.0000,   -0.0000,    0.0000]
  18 [  13.2500,   12.2500,  -20.2500,   -3.7500], [  -6.9310,    5.1149,    2.2529,    0.5057], [   0.4923,   -0.7846,    1.8462,   -0.3385]
  19 [  10.2500,    9.2500,  -14.2500,   -3.7500], [  13.6207,  -10.6322,    2.1092,   -3.7816], [  12.1538,    0.6923,   -2.9231,   -8.7308]
  20 [  15.2500,   10.2500,  -21.2500,   -2.7500], [  -1.5517,    1.0805,    1.4770,   -0.0460], [   4.7538,    2.8923,   -2.9231,   -3.8308]
  21 [  -2.0000,   -1.0000,    5.0000,   -1.0000], [  11.9310,   -6.4483,   -2.0862,   -2.1724], [  -6.3231,    2.0462,   -0.4615,    5.7846]
  22 [  28.0000,   23.0000,  -41.0000,   -8.0000], [   0.0000,    0.0000,    0.0000,    1.0000], [  -3.4692,   -0.8615,    1.6154,    3.6038]
  23 [   3.5000,    1.5000,   -7.5000,    3.5000], [  10.5862,   -7.6897,    2.4828,   -4.0345], [  10.2615,    1.6769,   -2.7692,   -7.9923]
  24 [  40.2500,   36.2500,  -58.2500,  -15.7500], [  -1.7586,    1.7356,    2.7184,   -1.5632], [  -6.1308,    4.6615,   -2.6154,    4.9962]
  25 [   5.0000,   -2.0000,    0.0000,   -2.0000], [  -1.2759,    0.8736,    0.8218,    0.6437], [  -3.5462,    0.2923,    1.0769,    3.2192]
  26 [  -0.5000,    1.5000,    2.5000,   -2.5000], [   0.2759,   -0.2069,    0.3448,    0.6897], [   1.3538,    2.0923,   -0.9231,   -1.4308]
  27 [  28.0000,   24.0000,  -40.0000,  -10.0000], [   2.8966,   -2.5057,    2.2874,   -1.4253], [  -7.8000,    4.4000,   -2.0000,    6.3000]
  28 [  -0.5000,   -0.5000,    1.5000,    0.5000], [  10.0000,   -6.6667,    0.3333,   -2.3333], [  -6.9077,    2.4154,   -0.1538,    5.5615]
  29 [  -1.5000,    0.5000,    1.5000,    0.5000], [   5.8276,   -3.2874,   -0.1322,   -1.2644], [   1.0000,    0.0000,   -0.0000,    0.0000]
  30 [   3.5000,    0.5000,   -1.5000,   -1.5000], [  -6.5862,    4.3563,    0.6839,    2.3678], [   1.5692,    4.0615,   -2.6154,   -1.9538]
  31 [   2.0000,    1.0000,   -0.0000,   -2.0000], [  -0.3448,    0.0920,    1.4023,   -0.1954], [   3.5769,    3.8462,   -3.4615,   -2.8654]
  32 [  23.5000,   24.5000,  -36.5000,   -9.5000], [  -3.4828,    2.1954,    1.7299,    0.4598], [  -4.0692,    2.9385,   -0.3846,    2.7038]
  33 [ -10.7500,  -15.7500,   18.7500,    8.2500], [  -1.3448,    1.0920,    0.4023,    0.8046], [   0.0000,    0.0000,    0.0000,    1.0000]
  34 [  -0.5000,   -3.5000,    0.5000,    4.5000], [  12.1724,   -7.7126,    1.6322,   -4.7356], [  -0.5692,    2.9385,   -1.3846,   -0.0462]
  35 [ -12.7500,  -10.7500,   20.7500,    3.2500], [   5.8966,   -2.1724,   -0.8793,   -1.7586], [  11.8846,   -1.7692,    0.6923,   -9.8269]
  36 [  -1.5000,    2.5000,   -0.5000,    0.5000], [   2.9310,   -0.1149,   -2.2529,    0.4943], [  -4.3077,    5.6154,   -4.1538,    3.9615]
  37 [  -4.5000,    0.5000,    3.5000,    1.5000], [   2.3793,   -1.3678,    0.3908,   -0.2184], [  -5.8846,   -2.2308,    3.3077,    5.8269]
  38 [ -12.7500,  -10.7500,   20.7500,    3.2500], [   6.1379,   -5.4368,    2.8391,   -2.3218], [   0.0000,    0.0000,    1.0000,    0.0000]
  39 [   4.0000,    3.0000,   -5.0000,   -1.0000], [  -1.1379,    2.1034,   -0.6724,    0.6552], [  -7.8000,    2.4000,    0.0000,    6.3000]
  40 [   0.0000,    0.0000,    1.0000,    0.0000], [   4.7586,   -3.0690,    0.4483,   -1.1034], [  -8.5538,    4.5077,   -2.0769,    7.1308]
  41 [  13.7500,   12.7500,  -21.7500,   -3.2500], [   1.3103,   -0.1494,    1.9713,   -2.0575], [  -6.6615,    1.5231,   -0.2308,    6.3923]
  42 [  12.7500,   18.7500,  -20.7500,   -9.2500], [   1.6552,   -0.2414,    0.5690,   -0.8621], [ -15.5615,    6.7231,   -3.2308,   13.0423]
  43 [   5.0000,    2.0000,   -6.0000,    0.0000], [   0.0000,    0.0000,    1.0000,    0.0000], [   0.0923,   -0.5846,    0.8462,    0.5615]
  44 [  55.0000,   48.0000,  -81.0000,  -19.0000], [  -1.9655,    1.3908,    0.4598,    0.9195], [  -2.2077,   -0.1846,    0.8462,    2.6115]
  45 [  30.5000,   20.5000,  -39.5000,   -9.5000], [   2.5517,   -1.0805,    0.5230,   -0.9540], [  -7.5462,    0.2923,    1.0769,    7.2192]
  46 [  13.7500,   14.7500,  -20.7500,   -6.2500], [  -4.1379,    4.1034,    0.3276,    0.6552], [ -11.5615,    4.7231,   -2.2308,   10.0423]
  47 [   2.5000,   -2.5000,   -0.5000,    1.5000], [   0.0000,    1.0000,    0.0000,    0.0000], [  -3.9077,    4.4154,   -3.1538,    3.5615]
  48 [   3.5000,    1.5000,   -3.5000,   -0.5000], [  -0.8621,    0.8966,    0.6724,    0.3448], [  -7.0077,    3.2154,   -1.1538,    5.9115]
  49 [  -0.5000,   -1.5000,    1.5000,    1.5000], [  -2.0690,    1.5517,   -1.5862,    2.8276], [  -7.4462,   -1.5077,    3.0769,    6.8692]
  50 [   0.0000,    1.0000,    0.0000,    0.0000], [   1.0000,    0.0000,    0.0000,    0.0000], [  -2.0154,   -0.5692,    1.6923,    1.8231]
==============================================
[ 6.68  5.48 -9.12 -1.82] [ 1.91034483 -0.94942529  0.58126437 -0.47747126] [-1.87369231  1.34338462 -0.39384615  1.93253846]
==============================================
[ 5.1  3.5  1.4  0.2] -> 0.0 [12.875542707008536, 57.898164201940055, 56.434984228803231] 0 correct
[ 4.9  3.   1.4  0.2] -> 0.0 [12.37253409775057, 49.375687216578477, 50.204037496997792] 0 correct
[ 4.7  3.2  1.3  0.2] -> 0.0 [8.6475198756637983, 52.53907398012322, 51.561208481310921] 0 correct
[ 4.6  3.1  1.5  0.2] -> 0.0 [8.359401892480129, 50.137876826086504, 45.047720574175109] 0 correct
[ 5.   3.6  1.4  0.2] -> 0.0 [11.475173201307282, 59.338825043562608, 56.031697611378533] 0 correct
[ 5.4  3.9  1.7  0.4] -> 0.0 [39.064300838489451, 57.170265428002018, 59.032282342077295] 0 correct
[ 4.6  3.4  1.4  0.3] -> 0.0 [20.630065438577791, 51.849756828693117, 51.031015211774204] 0 correct
[ 5.   3.4  1.5  0.2] -> 0.0 [12.197524338979647, 55.786334945635787, 52.187874682153804] 0 correct
[ 4.4  2.9  1.4  0.2] -> 0.0 [6.2912319938149004, 46.787042465277075, 43.356736131565732] 0 correct
[ 4.9  3.1  1.5  0.1] -> 0.0 [39.482396077239393, 54.223627633145078, 47.388942171898734] 0 correct
[ 5.4  3.7  1.5  0.2] -> 0.0 [16.176513839514421, 61.437176795714031, 59.328610068970242] 0 correct
[ 4.8  3.4  1.6  0.2] -> 0.0 [10.280058365593101, 55.119324549230221, 47.538179734601222] 0 correct
[ 4.8  3.   1.4  0.1] -> 0.0 [38.323094864585343, 52.687613795307868, 47.689244131691105] 0 correct
[ 4.3  3.   1.1  0.1] -> 0.0 [31.398401233183918, 52.585482209063443, 48.423639050259133] 0 correct
[ 5.8  4.   1.2  0.2] -> 0.0 [19.906772716841914, 67.985430597179757, 73.274778614472169] 0 correct
[ 5.7  4.4  1.5  0.4] -> 0.0 [37.697739985309553, 66.526143512978962, 71.150926193266585] 0 correct
[ 5.4  3.9  1.3  0.4] -> 0.0 [40.169884241804944, 58.409547218772538, 68.082684145149585] 0 correct
[ 5.1  3.5  1.4  0.3] -> 0.0 [14.717323126166704, 54.429783373385938, 57.748816027669129] 0 correct
[ 5.7  3.8  1.7  0.3] -> 0.0 [7.5498079445771458, 59.571074153007842, 60.487374318992011] 0 correct
[ 5.1  3.8  1.5  0.3] -> 0.0 [15.626887086045027, 59.02832739119129, 57.890354818397313] 0 correct
[ 5.4  3.4  1.7  0.2] -> 0.0 [17.815150855381539, 55.979524757122491, 52.498234717517668] 0 correct
[ 5.1  3.7  1.5  0.4] -> 0.0 [42.614781473099335, 53.947511025975416, 58.406609528556245] 0 correct
[ 4.6  3.6  1.   0.2] -> 0.0 [7.541856535363169, 59.782327727196815, 60.370225418616812] 0 correct
[ 5.1  3.3  1.7  0.5] -> 0.0 [68.42177723502968, 43.360596193082706, 52.009587190230377] 1 incorrect
[ 4.8  3.4  1.9  0.2] -> 0.0 [11.915519292082942, 54.280567737342487, 40.76006004177912] 0 correct
[ 5.   3.   1.6  0.2] -> 0.0 [14.24358101040608, 48.995840398320468, 46.896357726183957] 0 correct
[ 5.   3.4  1.6  0.4] -> 0.0 [42.638241051900941, 48.548071087346202, 52.551683311477035] 0 correct
[ 5.2  3.5  1.5  0.2] -> 0.0 [14.33455963746362, 57.796986624748072, 55.369846310137341] 0 correct
[ 5.2  3.4  1.4  0.2] -> 0.0 [14.48722195591691, 56.460664231215375, 56.870587763778019] 0 correct
[ 4.7  3.2  1.6  0.2] -> 0.0 [9.6477769460119998, 51.671604147619284, 44.762856325794857] 0 correct
[ 4.8  3.1  1.6  0.2] -> 0.0 [11.188368960666276, 50.23510964240824, 45.193860188652224] 0 correct
[ 5.4  3.4  1.5  0.4] -> 0.0 [38.122429093645252, 49.62122077427766, 59.633633047697145] 0 correct
[ 5.2  4.1  1.5  0.1] -> 0.0 [40.406182695226363, 71.073439004080996, 58.858426834246117] 0 correct
[ 5.5  4.2  1.4  0.2] -> 0.0 [16.26897661194463, 70.079786604180754, 66.766692772969947] 0 correct
[ 4.9  3.1  1.5  0.1] -> 0.0 [39.482396077239393, 54.223627633145078, 47.388942171898734] 0 correct
[ 5.   3.2  1.2  0.2] -> 0.0 [12.469145921032458, 53.412401180634937, 57.462356146431659] 0 correct
[ 5.5  3.5  1.3  0.2] -> 0.0 [17.890768569292963, 58.962549516969005, 63.550162760744307] 0 correct
[ 4.9  3.1  1.5  0.1] -> 0.0 [39.482396077239393, 54.223627633145078, 47.388942171898734] 0 correct
[ 4.4  3.   1.3  0.2] -> 0.0 [5.5659320872608751, 48.706757381552769, 46.400756484153781] 0 correct
[ 5.1  3.4  1.5  0.2] -> 0.0 [13.430547271053431, 55.977281238581568, 53.391554303473683] 0 correct
[ 5.   3.5  1.3  0.3] -> 0.0 [16.260368999503097, 54.54384668373018, 58.821813497461285] 0 correct
[ 4.5  2.3  1.3  0.3] -> 0.0 [20.08481018083074, 34.051191239828384, 43.785247494558419] 0 correct
[ 4.4  3.2  1.3  0.2] -> 0.0 [5.2895746520868965, 51.969241129566591, 47.990081814866635] 0 correct
[ 5.   3.5  1.6  0.6] -> 0.0 [98.003365248342632, 43.367339893532112, 56.010179346859786] 1 incorrect
[ 5.1  3.8  1.9  0.4] -> 0.0 [42.129794682623476, 54.374155928501345, 50.203556322142013] 0 correct
[ 4.8  3.   1.4  0.3] -> 0.0 [17.05284726959113, 45.703246061465855, 50.272723967205103] 0 correct
[ 5.1  3.8  1.6  0.2] -> 0.0 [12.902697392406015, 62.209258325772737, 54.302533628871672] 0 correct
[ 4.6  3.2  1.4  0.2] -> 0.0 [7.6993246457075903, 52.055821000153273, 48.098301646073189] 0 correct
[ 5.3  3.7  1.5  0.2] -> 0.0 [14.969288560248984, 61.246638823222689, 58.130681079573534] 0 correct
[ 5.   3.3  1.4  0.2] -> 0.0 [12.29551137610798, 54.448585840221767, 53.682658654090041] 0 correct
[ 7.   3.2  4.7  1.4] -> 1.0 [286.31768998788817, 5.2358078941458013, 18.340765083284627] 1 correct
[ 6.4  3.2  4.5  1.5] -> 1.0 [321.3733647955296, 1.8724874035614385, 16.473774458372354] 1 correct
[ 6.9  3.1  4.9  1.5] -> 1.0 [314.30914654206379, 0.90286580767391, 13.197769398450362] 1 correct
[ 5.5  2.3  4.   1.3] -> 1.0 [275.96430856181462, 6.8532845494792936, 8.2596026914919687] 1 correct
[ 6.5  2.8  4.6  1.5] -> 1.0 [318.91227571230388, 5.5509967932196878, 12.96712465538914] 1 correct
[ 5.7  2.8  4.5  1.3] -> 1.0 [273.97353813826692, 1.5141616470708033, 2.5821015579603452] 1 correct
[ 6.3  3.3  4.7  1.6] -> 1.0 [349.93322162949983, 2.6021779271080181, 12.890365143950563] 1 correct
[ 4.9  2.4  3.3  1. ] -> 1.0 [202.51552928109049, 6.1604000949745448, 12.972289033749821] 1 correct
[ 6.6  2.9  4.6  1.3] -> 1.0 [263.16629647430233, 3.7371783979522823, 12.623350249935362] 1 correct
[ 5.2  2.7  3.9  1.4] -> 1.0 [308.30621077104581, 4.7866981719777746, 10.538187921489962] 1 correct
[ 5.   2.   3.5  1. ] -> 1.0 [199.95084295896382, 1.7474930233981534, 8.161164346170656] 1 correct
[ 5.9  3.   4.2  1.5] -> 1.0 [327.48288443825669, 3.4087182469658197, 15.705825623468145] 1 correct
[ 6.   2.2  4.   1. ] -> 1.0 [187.70679156599584, 4.7596294741162204, 12.299668728160349] 1 correct
[ 6.1  2.9  4.7  1.4] -> 1.0 [296.42692117957245, 1.7582989901840593, 4.9512871968130758] 1 correct
[ 5.6  2.9  3.6  1.3] -> 1.0 [277.11820510388782, 5.1005034024479308, 22.30445071792608] 1 correct
[ 6.7  3.1  4.4  1.4] -> 1.0 [290.22959807710936, 3.9252127439434434, 20.573962689849207] 1 correct
[ 5.6  3.   4.5  1.5] -> 1.0 [330.57834109330361, 4.1229386206442165, 5.8657462128134528] 1 correct
[ 5.8  2.7  4.1  1. ] -> 1.0 [191.09222799475705, 10.895299024093605, 8.7448636451117672] 2 incorrect
[ 6.2  2.2  4.5  1.5] -> 1.0 [321.18785718018762, 15.62497651841279, 9.5073112909091577] 2 incorrect
[ 5.6  2.5  3.9  1.1] -> 1.0 [220.65846822635265, 4.1345985383499224, 10.483934508339271] 1 correct
[ 5.9  3.2  4.8  1.8] -> 1.0 [409.25859746619983, 11.859165735001818, 8.5290474745122609] 2 incorrect
[ 6.1  2.8  4.   1.3] -> 1.0 [270.02018369003537, 2.6592508980692822, 18.766251747981901] 1 correct
[ 6.3  2.5  4.9  1.5] -> 1.0 [320.00724929288799, 11.703388086665109, 5.063112912126976] 2 incorrect
[ 6.1  2.8  4.7  1.2] -> 1.0 [241.4358705743625, 5.139746863421915, 3.5815899984727206] 2 incorrect
[ 6.4  2.9  4.3  1.3] -> 1.0 [266.104302107276, 3.8457838870515939, 16.537226213077041] 1 correct
[ 6.6  3.   4.4  1.4] -> 1.0 [291.17712753580162, 2.1542909001803987, 18.667425063858911] 1 correct
[ 6.8  2.8  4.8  1.4] -> 1.0 [287.53907490982931, 2.6839982878820829, 11.763636425304263] 1 correct
[ 6.7  3.   5.   1.7] -> 1.0 [371.12367157054365, 10.081421706026596, 10.099613557842209] 1 correct
[ 6.   2.9  4.5  1.5] -> 1.0 [325.42040440021668, 4.6838996756148283, 9.3440613640507806] 1 correct
[ 5.7  2.6  3.5  1. ] -> 1.0 [193.02989302178096, 10.413862858486018, 20.006866600682621] 1 correct
[ 5.5  2.4  3.8  1.1] -> 1.0 [221.78358730979235, 2.6313369239104132, 10.854161852520409] 1 correct
[ 5.5  2.4  3.7  1. ] -> 1.0 [194.59326709832541, 6.4166390145128345, 11.95211253367999] 1 correct
[ 5.8  2.7  3.9  1.2] -> 1.0 [246.14869408550669, 4.0545167925324312, 15.323973326614416] 1 correct
[ 6.   2.7  5.1  1.6] -> 1.0 [351.21198669749401, 13.049427142655963, 4.727064834201558] 2 incorrect
[ 5.4  3.   4.5  1.5] -> 1.0 [333.02978785688316, 4.6000183313150309, 4.6838559375568716] 1 correct
[ 6.   3.4  4.5  1.6] -> 1.0 [354.26650928361931, 3.273339954691143, 14.978484883404006] 1 correct
[ 6.7  3.1  4.7  1.5] -> 1.0 [317.09279335866427, 0.70595830641782087, 15.036863103916117] 1 correct
[ 6.3  2.3  4.4  1.3] -> 1.0 [265.64543963712299, 6.8196977969711856, 11.198611808781806] 1 correct
[ 5.6  3.   4.1  1.3] -> 1.0 [276.44257920949951, 4.6332076747232653, 11.810492924944958] 1 correct
[ 5.5  2.5  4.   1.3] -> 1.0 [276.48562277268667, 3.6075835865750943, 9.1890740978156753] 1 correct
[ 5.5  2.6  4.4  1.2] -> 1.0 [248.66318505158804, 2.3299141615089605, 2.0025075833318984] 2 incorrect
[ 6.1  3.   4.6  1.4] -> 1.0 [296.87088035036447, 0.84528617626106606, 7.7897028788540776] 1 correct
[ 5.8  2.6  4.   1.2] -> 1.0 [245.71076411097729, 2.2257906627790627, 12.526468683806662] 1 correct
[ 5.   2.3  3.3  1. ] -> 1.0 [201.04884879053705, 4.7397663087031701, 13.614685725000426] 1 correct
[ 5.6  2.7  4.2  1.3] -> 1.0 [275.44164463639197, 0.81180975436917591, 7.2356099136482177] 1 correct
[ 5.7  3.   4.2  1.2] -> 1.0 [247.63355911507699, 7.966204018261319, 9.4138624300586304] 1 correct
[ 5.7  2.9  4.2  1.3] -> 1.0 [274.76662752234017, 2.8311699674974093, 9.9145842575469718] 1 correct
[ 6.2  2.9  4.3  1.3] -> 1.0 [268.5187136867753, 3.4319663437368035, 13.93973355314017] 1 correct
[ 5.1  2.5  3.   1.1] -> 1.0 [228.37854452640758, 6.1410093501221592, 24.242283758515676] 1 correct
[ 5.7  2.8  4.1  1.3] -> 1.0 [274.6763542789958, 1.5152501955037765, 11.432835041872709] 1 correct
[ 6.3  3.3  6.   2.5] -> 2.0 [594.56029097140515, 37.352756958992622, 8.3095629621119169] 2 correct
[ 5.8  2.7  5.1  1.9] -> 2.0 [435.94623475837142, 24.062996868052352, 3.3165616231271602] 2 correct
[ 7.1  3.   5.9  2.1] -> 2.0 [474.31725627474412, 25.880518671967963, 2.1330995158169941] 2 correct
[ 6.3  2.9  5.6  1.8] -> 2.0 [402.04141527957159, 17.657114268883223, 8.1402982473746999] 2 correct
[ 6.5  3.   5.8  2.2] -> 2.0 [509.258755054836, 30.38515414392981, 4.5437482825989726] 2 correct
[ 7.6  3.   6.6  2.1] -> 2.0 [466.96473057394951, 26.905854458866607, 11.26934328875293] 2 correct
[ 4.9  2.5  4.5  1.7] -> 2.0 [392.62192959640043, 20.405136459621875, 5.6453974493339834] 2 correct
[ 7.3  2.9  6.3  1.8] -> 2.0 [388.69268014718369, 18.053961322139912, 12.9679245598719] 2 correct
[ 6.7  2.5  5.8  1.8] -> 2.0 [395.76748173643688, 24.010515643659861, 12.046801826810091] 2 correct
[ 7.2  3.6  6.1  2.5] -> 2.0 [584.20795920631031, 31.088767245910379, 7.2184692393721726] 2 correct
[ 6.5  3.2  5.1  2. ] -> 2.0 [456.26816632327217, 18.473329700568879, 10.747597499251404] 2 correct
[ 6.4  2.7  5.3  1.9] -> 2.0 [428.2638434423352, 23.387974232158388, 1.8707274618945415] 2 correct
[ 6.8  3.   5.5  2.1] -> 2.0 [478.73443536056743, 25.489780078032744, 4.975984448999621] 2 correct
[ 5.7  2.5  5.   2. ] -> 2.0 [464.26203764684573, 30.812127353256411, 2.3577039640821127] 2 correct
[ 5.8  2.8  5.1  2.4] -> 2.0 [573.59368859847268, 40.650647898818704, 6.3038222597753863] 2 correct
[ 6.4  3.2  5.3  2.3] -> 2.0 [539.50922105187556, 30.009272219496982, 9.6217898632009131] 2 correct
[ 6.5  3.   5.5  1.8] -> 2.0 [400.05737038579969, 15.346338366800433, 2.7419802253504426] 2 correct
[ 7.7  3.8  6.7  2.2] -> 2.0 [495.15712617309805, 17.5416219318511, 4.5057053831780811] 2 correct
[ 7.7  2.6  6.9  2.3] -> 2.0 [518.98516317906569, 41.069977237892957, 17.812885102491126] 2 correct
[ 6.   2.2  5.   1.5] -> 2.0 [322.68628666244956, 17.49920020254909, 9.2701754351053953] 2 correct
[ 6.9  3.2  5.7  2.3] -> 2.0 [532.60078820820524, 29.826575130694266, 5.9273929275153527] 2 correct
[ 5.6  2.8  4.9  2. ] -> 2.0 [466.52335375627365, 26.055220830017728, 3.7732885449945259] 2 correct
[ 7.7  2.8  6.7  2. ] -> 2.0 [437.6704691888649, 26.914687118362526, 15.85938513865927] 2 correct
[ 6.3  2.7  4.9  1.8] -> 2.0 [402.80218420460545, 19.01644786852334, 6.5919512465343626] 2 correct
[ 6.7  3.3  5.7  2.1] -> 2.0 [480.39594044912712, 21.391258299338364, 2.7786020803112392] 2 correct
[ 7.2  3.2  6.   1.8] -> 2.0 [391.19892586764718, 12.302377818942155, 4.7507698466768797] 2 correct
[ 6.2  2.8  4.8  1.8] -> 2.0 [404.48164309397384, 17.39702396748044, 8.1313265179075973] 2 correct
[ 6.1  3.   4.9  1.8] -> 2.0 [406.05529130895565, 14.665319347278762, 6.3021885881016777] 2 correct
[ 6.4  2.8  5.6  2.1] -> 2.0 [482.85490532871387, 29.694721726505282, 3.7353191834656547] 2 correct
[ 7.2  3.   5.8  1.6] -> 2.0 [336.26218877536706, 8.5483606080010173, 6.2674794103979989] 2 correct
[ 7.4  2.8  6.1  1.9] -> 2.0 [414.95146655964589, 22.147420044453163, 8.270662841649127] 2 correct
[ 7.9  3.8  6.4  2. ] -> 2.0 [438.41115359899442, 9.2802328184846381, 2.8212869917717946] 2 correct
[ 6.4  2.8  5.6  2.2] -> 2.0 [510.31135554678917, 33.291921236532723, 2.5179650243609788] 2 correct
[ 6.3  2.8  5.1  1.5] -> 2.0 [320.43695105277811, 7.5137291568335982, 3.0236959524756508] 2 correct
[ 6.1  2.6  5.6  1.4] -> 2.0 [294.20625350253937, 10.345133817306506, 18.396849484105196] 1 incorrect
[ 7.7  3.   6.1  2.3] -> 2.0 [521.55229804881651, 32.400775238079348, 6.5137378670007919] 2 correct
[ 6.3  3.4  5.6  2.4] -> 2.0 [568.17622231135442, 31.344354317203969, 7.5980061963493366] 2 correct
[ 6.4  3.1  5.5  1.8] -> 2.0 [401.55173963015142, 13.945799980592426, 3.3155568302585867] 2 correct
[ 6.   3.   4.8  1.8] -> 2.0 [407.46926215360219, 14.66732079982928, 7.447643521124677] 2 correct
[ 6.9  3.1  5.4  2.1] -> 2.0 [477.99127565260153, 23.496603388335561, 9.1919339444456352] 2 correct
[ 6.7  3.1  5.6  2.4] -> 2.0 [562.43321345738627, 35.218133151761471, 6.5476633842080236] 2 correct
[ 6.9  3.1  5.1  2.3] -> 2.0 [533.55786902640784, 30.248271311932562, 18.648681630670957] 2 correct
[ 5.8  2.7  5.1  1.9] -> 2.0 [435.94623475837142, 24.062996868052352, 3.3165616231271602] 2 correct
[ 6.8  3.2  5.9  2.3] -> 2.0 [533.42309623787526, 30.460218206419942, 2.1083123582619416] 2 correct
[ 6.7  3.3  5.7  2.5] -> 2.0 [590.27327535642496, 35.943477810398598, 7.9620261422542029] 2 correct
[ 6.7  3.   5.2  2.3] -> 2.0 [535.5001396825229, 32.350089305008275, 13.206790925964052] 2 correct
[ 6.3  2.5  5.   1.9] -> 2.0 [429.52126792511808, 26.061534286412797, 4.8831937295176004] 2 correct
[ 6.5  3.   5.2  2. ] -> 2.0 [455.51370956317135, 21.783696914172133, 6.8023805391935452] 2 correct
[ 6.2  3.4  5.4  2.3] -> 2.0 [542.32702274550331, 27.522543676486297, 8.6947189266253151] 2 correct
[ 5.9  3.   5.1  1.8] -> 2.0 [408.11750709814072, 15.518148702719985, 2.835876234561638] 2 correct
Performance: 93.3333
==============================================